HIGHpdb	SD	HYDRO	MW	PI
1FN4_1	4.52830192722372	-0.192307692307692	1575	5.89846153846154
2RCJ_1	59.2176569370778	0.0692307692307691	1563	5.89384615384615
1OAX_1	34.6803038980325	-1.08461538461538	1856	6.27
4UIF_1	4.61721071375209	-0.561538461538462	1648	6.61307692307692
4FQC_1	4.0669593002267	-0.4	1656	5.96461538461538
1AD9_1	4.1802300283982	-0.815384615384615	1739	6.13461538461539
4M7J_1	3.44701853622632	-0.623076923076923	1592	5.88461538461539
3J42_1	8.36006397827387	-1.03076923076923	1697	5.62461538461538
1OCW_1	6.15257711529746	-1.00769230769231	1815	5.65538461538462
