LOWpdb	SD	HYDRO	MW	PI
3TT1_1	0.100624123389972	-0.815384615384615	1740	5.93153846153846
4LU5_1	0.0561322576109317	-1.61538461538462	1826	6.05461538461538
2VL5_1	1.03832669698318	-0.892307692307692	1751	6.18692307692308
4IML_1	1.07108646126842	-0.723076923076923	1712	6.19384615384615
1KEN_1	0.264509554958792	-0.576923076923077	1698	5.82230769230769
1UYW_1	0.41023153463928	-0.507692307692308	1625	5.78153846153846
1C08_1	0.835087244348158	-0.730769230769231	1768	5.89923076923077
5ANM_1	1.19040083109871	-0.969230769230769	1691	6.56769230769231
2XZA_1	0.08881190461025	-0.892307692307692	1714	5.83615384615385
3DIF_1	0.102405325371776	-0.815384615384616	1739	6.13461538461539
4OZ4_1	0.146439693063389	-0.392307692307692	1675	6.15769230769231
1MIM_1	0.88143637373754	-1.73846153846154	1821	6.53384615384615
4IOF_1	1.88601641998419	-0.446153846153846	1595	5.88307692307692
3S34_1	1.07857692239651	-0.130769230769231	1579	5.86923076923077
1N5Y_1	0.778909638520605	-0.615384615384615	1682	5.62230769230769
4MXV_1	1.17216515445585	-0.707692307692308	1691	6.17153846153846
4N90_1	0.700168485983432	-0.576923076923077	1698	5.82230769230769
4QWW_1	0.110313607612566	-0.661538461538462	1563	5.93230769230769
1BEY_1	0.799463412090884	-0.892307692307692	1714	5.83615384615385
4DVB_1	0.295318620999422	-0.623076923076923	1657	5.62384615384615
1MHP_1	0.618455389815629	-0.7	1635	5.9
4OUU_1	0.433741064730904	-0.0153846153846154	1677	5.68076923076923
3MLX_1	0.697579071271495	-1.03846153846154	1688	5.98461538461538
4U6H_1	0.183231165995306	-0.784615384615385	1762	6.15230769230769
3W11_1	0.834901285203827	-0.623076923076923	1592	5.88461538461538
3IXT_1	0.614717726736929	-0.853846153846154	1638	5.83769230769231
1A4J_1	0.802862474388053	0.415384615384615	1504	5.68076923076923
3S96_1	0.521313767323	0.176923076923077	1695	5.63
1JN6_1	0.31617178938751	-0.623076923076923	1692	5.71307692307692
1KCS_1	1.12510234828325	-0.438461538461539	1595	5.85846153846154
1I7Z_1	0.200828932458695	-0.307692307692308	1577	5.66769230769231
1Y0L_1	1.27837073037633	-0.353846153846154	1791	5.36846153846154
1RHH_1	1.33606781415179	-0.653846153846154	1606	6.21769230769231
3NH7_1	0.522566011348727	-0.438461538461538	1609	5.87692307692308
1OB1_1	0.660066502568113	-0.307692307692308	1577	5.66769230769231
4JZJ_1	0.245250794666399	-1.54615384615385	1739	6.17307692307692
3IYW_1	0.00265160976264292	-0.723076923076923	1712	6.19384615384615
4Q5Z_2	1.42375879681233	-0.446153846153846	1595	5.88307692307692
1NL0_1	1.12090555469421	-0.323076923076923	1607	6.30076923076923
4YDJ_1	1.46427813669467	-0.407692307692308	1765	6.51615384615385
4UT6_1	0.000674579869252052	-0.138461538461539	1678	5.88538461538462
2VXT_1	0.470446431669255	-1.03846153846154	1874	6.17923076923077
5CSZ_1	0.646648444288316	-0.246153846153846	1579	5.90769230769231
1T66_1	0.227991025244418	-0.576923076923077	1766	5.64923076923077
1C5D_1	0.663883464972958	-0.723076923076923	1560	5.89538461538462
1GIG_1	0.745394448426414	-0.530769230769231	1629	5.37384615384615
1F4W_1	1.81990587719283	-1.13076923076923	1800	5.34692307692308
1AP2_1	0.892806456954978	-0.238461538461539	1711	5.99538461538461
3FN0_1	1.1744760792796	-1.1	1657	5.86307692307692
1M71_1	0.980892740734003	-0.376923076923077	1750	5.67384615384615
2A6D_1	1.58965586032511	-0.223076923076923	1677	5.87230769230769
4JZO_1	0.906791542619543	-0.0307692307692307	1577	5.92692307692308
3BN9_1	0.620974811276996	-0.246153846153846	1579	5.90769230769231
4LVH_1	0.239238070884074	-0.823076923076923	1692	6.01153846153846
3V6F_1	1.59220663192431	-0.907692307692308	1663	5.67615384615385
3LD8_1	0.132834251486578	-0.161538461538462	1657	5.99615384615385
3AAZ_1	0.724116234807988	-0.823076923076923	1608	5.86
1RZG_1	0.873417589014838	-0.607692307692308	1676	6.69153846153846
2W9D_1	0.627292103260114	-1.56153846153846	1723	6.43538461538462
4ZPT_1	0.777547826101337	-0.223076923076923	1721	5.43307692307692
1UWG_1	1.07215136408089	-1.18461538461538	1647	6.13615384615385
1MRD_1	0.50425430038457	-0.784615384615385	1762	6.15230769230769
3HI5_1	0.749781548143414	-0.146153846153846	1569	5.85230769230769
3VI3_1	0.839087199389509	-0.784615384615385	1762	6.15230769230769
4M62_1	0.396246376720971	-0.484615384615385	1620	6.22
1KEL_1	1.03993416491646	-0.623076923076923	1677	5.80923076923077
3ZKM_1	0.205815308618146	-0.623076923076923	1592	5.88461538461538
4UIK_1	0.182333847489984	-0.546153846153846	1808	5.87846153846154
3NZ8_1	1.55795564306626	-0.984615384615385	1691	5.91230769230769
2GJZ_1	0.215979893351983	-0.623076923076923	1592	5.88461538461538
2FB4_1	1.51512689243657	0.0692307692307692	1563	5.89384615384615
4RGM_1	0.162976799354998	-0.715384615384615	1708	5.80230769230769
1FVE_1	0.455248073649963	-0.484615384615385	1671	5.88153846153846
1DQJ_1	0.544375821199565	-0.3	1734	6.09384615384615
1FL5_1	0.511469528770044	-0.684615384615385	1687	5.85692307692308
2ZPK_1	1.97404202185376	-0.215384615384615	1614	5.15692307692308
3FO1_1	0.137380948089608	-0.623076923076923	1592	5.88461538461539
4S2S_1	0.269325659245458	-0.361538461538462	1665	5.65153846153846
4NRZ_1	0.0725661263124874	-0.653846153846154	1710	5.87461538461539
4U6V_1	0.0353383684965795	-0.915384615384615	1649	5.68230769230769
3SM5_1	0.986238179752531	-0.869230769230769	1686	6.34230769230769
4LLW_1	0.721779246896168	-1.20769230769231	1749	6.61538461538461
1I9R_1	0.235702835013353	-1.13076923076923	1755	6.14846153846154
2J4W_1	1.3899746490208	-0.892307692307692	1745	5.64384615384615
4LMQ_1	0.348680010657336	-1.06153846153846	1665	5.81692307692308
3H42_1	0.765051353477657	-0.130769230769231	1579	5.86923076923077
4QHL_1	0.579630984887798	-0.538461538461539	1756	5.83538461538462
1UZ6_1	1.78977646951285	-0.646153846153846	1724	5.86846153846154
3QUM_1	0.572238183490493	-0.784615384615385	1762	6.15230769230769
3VG9_1	0.820455998210751	-1.44615384615385	1737	6.07923076923077
1KFA_1	0.263028166252209	-0.430769230769231	1661	5.70538461538462
1CLY_1	0.154586977396225	-0.976923076923077	1783	5.68692307692308
4R8W_1	0.52358980592904	-1.33076923076923	1607	6.54846153846154
1CT8_1	0.311733681340338	-0.915384615384616	1818	6.04615384615385
1AXS_1	0.545885727969234	-1.44615384615385	1766	6.13692307692308
5CP7_1	0.628700371785256	-1.49230769230769	1681	6.20538461538462
3EO9_1	0.78093317940961	-1.1	1778	6.16615384615385
4HC1_1	0.308489475428255	-0.876923076923077	1708	5.77230769230769
3HR5_1	1.31928777431992	-0.407692307692308	1579	5.89923076923077
3J8Z_1	0.00157282304577803	-0.569230769230769	1749	6.16692307692308
5ESV_1	0.211903868729039	-0.176923076923077	1577	6.28461538461538
15C8_1	0.56744265795497	-1.36923076923077	1828	5.73384615384615
1WC7_1	0.497942444357043	-0.684615384615385	1687	5.85692307692308
4I9W_1	0.620634855621072	-1.26153846153846	1738	6.49615384615385
4OCX_1	0.981229452835573	-0.315384615384615	1629	6.01615384615385
3RVT_1	1.85539398008288	-0.584615384615385	1626	5.80846153846154
1S3K_1	0.749006642139665	-0.423076923076923	1695	5.88461538461538
4RGN_1	0.153546323502065	-1.06923076923077	1733	5.79384615384615
1Q9K_1	0.659540461160634	-0.684615384615385	1687	5.85692307692308
1F11_1	0.161716027964145	-1.13076923076923	1755	6.14846153846154
4JN1_1	0.329901375869367	-0.884615384615385	1691	6.25615384615385
2QQK_1	0.999873737335119	-0.415384615384615	1565	5.90538461538461
1I8M_1	1.42359974968591	-0.853846153846154	1722	6.12153846153846
1T04_1	0.992078525784294	-1.06923076923077	1765	5.63
3MME_1	0.147361053199275	0.0153846153846153	1535	6.16615384615385
4NCO_1	0.00755530081024822	-1.33846153846154	1698	6.17538461538461
1HZH_1	0.616576368745835	-0.584615384615385	1707	6.61769230769231
3IDX_1	1.03055479292903	-0.246153846153846	1579	5.90769230769231
3Q3G_1	0.907691754977427	-1.36923076923077	1828	5.73384615384615
1ZA6_1	0.750825111206111	-0.623076923076923	1675	6.23923076923077
5ANY_1	0.00190421066323934	-0.384615384615385	1702	5.17846153846154
3TNN_1	1.52579698699902	-0.246153846153846	1579	5.90769230769231
2A9N_1	0.364569407137381	-0.446153846153846	1595	5.88307692307692
3O2V_1	0.100276226853628	-0.0692307692307693	1595	5.61538461538461
1D5I_1	0.927919258388356	-1.44615384615385	1766	6.13692307692308
2X7L_1	0.290696589646318	-1.36642833800019e-16	1746	5.95153846153846
2J6E_1	0.925793695404115	-0.892307692307693	1714	5.83615384615385
4NNP_1	0.772963171252354	-0.446153846153846	1595	5.88307692307692
1UA6_1	0.858780478644283	-0.730769230769231	1768	5.89923076923077
3GK8_1	0.000837678538184297	-1.22307692307692	1763	5.70076923076923
1KC5_1	0.216758634025266	-0.630769230769231	1611	5.82615384615385
4DGI_1	0.832288462054035	-0.953846153846154	1823	6.05538461538462
4FQQ_1	0.82457913785185	-0.923076923076923	1714	6.15076923076923
3IFO_1	0.238629446767365	-0.823076923076923	1608	5.86
3BSZ_1	0.639698998842815	-1.1	1778	6.16615384615385
3HZK_1	0.349505583249157	-0.684615384615385	1687	5.85692307692308
4AEI_1	0.507837874689357	-0.984615384615385	1769	5.69307692307692
4JLR_1	0.264025893920466	-0.853846153846154	1638	5.83769230769231
4OII_1	0.00574948523783198	-1.32307692307692	1843	6.07769230769231
3MAC_1	0.485910345002555	-0.484615384615385	1620	6.22
4QCI_1	0.540774053048035	-0.246153846153846	1579	5.90769230769231
1MHH_1	1.67602707917562	0.1	1536	5.67076923076923
4Y5Y_1	0.248705718399276	-0.269230769230769	1722	5.89615384615385
2R4R_1	0.723834172426254	-1.28461538461538	1789	6.14538461538462
5DK3_1	0.081214749353185	-1.13076923076923	1755	6.14846153846154
3LEX_1	0.197571291517768	-0.976923076923077	1649	6.21615384615385
3U2S_1	0.249518256914532	-0.1	1535	6.20461538461538
1I8I_1	0.315947330649427	-1.13846153846154	1700	5.57538461538461
2VQ1_1	1.18125652620441	-0.338461538461538	1606	5.84846153846154
1NCA_1	0.708653223717002	-0.476923076923077	1577	5.7
3QCT_1	1.04238226488112	-0.0769230769230771	1659	5.81230769230769
1RZ7_1	0.626416094626693	-0.723076923076923	1712	6.19384615384615
4RIR_1	1.25847282117904	-1	1698	5.84538461538462
4J1U_1	1.48466331808949	-1.21538461538462	1607	6.17384615384615
1FJ1_1	0.281219902411792	-0.315384615384615	1616	5.79461538461539
4DN3_1	1.64481027610618	-0.653846153846154	1606	6.21769230769231
1IGT_1	1.84491088858026	-0.976923076923077	1783	5.68692307692308
1FPT_1	0.00163817947734601	-0.076923076923077	1659	5.81230769230769
3HC0_1	0.0273063425690824	-1.16923076923077	1713	6.11153846153846
4ZYK_2	0.545213362083981	-0.246153846153846	1579	5.90769230769231
4XNM_1	1.2355492114987	-0.861538461538462	1737	5.85384615384615
3CMO_1	0.977372185344202	-0.892307692307692	1838	5.89384615384615
1K4C_1	0.558473181944217	-0.861538461538462	1782	6.09615384615384
4G6K_1	0.193008331458776	0.253846153846154	1578	5.80615384615385
2FJH_1	0.0211340074761033	-0.453846153846154	1694	5.89923076923077
1GAF_1	1.56377654608899	-1.80769230769231	1944	6.33538461538462
1G9M_1	0.167967559016618	-0.315384615384615	1629	6.01615384615385
1AFV_1	0.238492975158599	-0.784615384615385	1762	6.15230769230769
1FL3_1	1.25899725994162	-0.538461538461538	1719	5.72076923076923
2XQY_1	0.855924474355067	-1.06923076923077	1765	5.63
4OTX_1	0.236938754453551	-0.884615384615385	1765	6.18076923076923
4R97_1	1.08287498282781	-0.653846153846154	1681	6.12230769230769
2A1W_1	1.33106866112822	-0.192307692307692	1590	5.73
2BRR_1	0.927760866469373	-0.246153846153846	1567	5.62
4XAK_1	0.400939444427709	-0.484615384615385	1620	6.22
4IMK_1	1.60226578240253	-0.723076923076923	1712	6.19384615384615
3L5X_1	0.642552312932313	-0.623076923076923	1592	5.88461538461539
1AXT_1	1.30729109929656	-0.315384615384615	1740	5.62615384615385
3W14_1	0.0613408061611551	-1.39230769230769	1808	6.01230769230769
3MA9_1	0.353579553544182	-0.484615384615385	1620	6.22
4KUC_1	0.955917151389441	-1.1	1779	5.96307692307692
3IJH_1	0.460709558443976	-0.684615384615385	1687	5.85692307692308
3UAJ_1	0.62348311443829	-0.892307692307692	1714	5.83615384615385
4NKO_1	0.176117219085283	-1.13076923076923	1755	6.14846153846154
2LTQ_2	0.0136365542751851	-1.14615384615385	1735	5.46461538461539
1Q9O_1	0.402173375081777	-0.684615384615385	1687	5.85692307692308
2B2X_1	0.514162089338078	-0.7	1635	5.9
2FL5_1	0.53068060103638	-0.623076923076923	1678	5.62230769230769
3V0V_1	0.820647451104511	-1.1	1671	5.88153846153846
4MHJ_2	0.397157090032291	-0.361538461538462	1620	6.15692307692308
4FFV_1	0.898519879746965	-1.18461538461538	1647	6.13615384615385
1AY1_1	0.584172731743363	-0.653846153846154	1622	5.86230769230769
3O41_1	0.702036427674756	-0.823076923076923	1608	5.86
2R29_1	0.00448283217769088	-1.05384615384615	1812	5.72
4N8C_1	0.631208060614326	-0.407692307692308	1661	6.16307692307692
2DQT_1	0.762069484181395	0.392307692307692	1620	5.70769230769231
1TZG_1	1.04420001922197	-0.530769230769231	1648	6.29846153846154
4JY6_1	0.915240126694902	-1.02307692307692	1682	6.16153846153846
1MCP_1	0.345054674190196	-0.276923076923077	1630	5.88384615384615
1DLF_1	1.42230123155481	-0.376923076923077	1750	5.67384615384615
1FAI_1	0.370081304496726	-0.223076923076923	1677	5.87230769230769
2XKN_1	0.0813611204568878	-0.223076923076923	1721	5.43307692307692
3U9U_1	0.450286305366374	-0.623076923076923	1592	5.88461538461539
2B0S_1	0.802119223829601	-0.630769230769231	1719	6.02384615384615
4NYL_1	0.3979496973555	-0.246153846153846	1579	5.90769230769231
4MHJ_1	1.47300666280163	-0.361538461538462	1620	6.15692307692308
3U36_1	0.20308088504091	-0.1	1535	6.20461538461538
4Z5R_1	0.838621536834789	-0.7	1719	6.25307692307692
3J8W_1	0.00140198011754809	-1.03076923076923	1796	6.13076923076923
3HMW_1	1.24285613344747	-1.24615384615385	1756	5.64
3BZ4_1	1.02957415367339	-0.692307692307692	1766	5.68769230769231
4CAD_1	0.202570775470986	-1.24615384615385	1809	6.11615384615385
2AJS_1	1.01253955335183	-0.653846153846154	1622	5.86230769230769
4OKV_1	0.15597007826022	-1.29230769230769	1824	6.22615384615384
1ACY_1	1.05599114570365	-0.361538461538462	1613	5.81
4R7D_1	1.37833833501303	-1.09230769230769	1696	5.59153846153846
3U46_1	1.3823888259771	-0.569230769230769	1622	6.62538461538462
1BVK_1	0.776048823508117	-0.623076923076923	1592	5.88461538461539
2GSI_3	1.16218727052937	-1.16923076923077	1828	6.02846153846154
4QEX_1	0.109995409561032	-0.876923076923077	1666	6.16461538461538
2VWE_1	0.132731721003308	-0.576923076923077	1822	5.88
3WKM_1	0.97051324956669	-1.36923076923077	1828	5.73384615384615
1IGF_1	1.37862196216331	-0.738461538461538	1691	5.71307692307692
3QUM_2	1.73141883598626	-0.638461538461539	1721	6.19615384615385
1CZ8_1	0.364284443104558	-0.592307692307692	1579	5.68
4NRX_2	0.728962037579459	-0.653846153846154	1710	5.87461538461539
3B9K_1	0.311091628383024	-0.9	1621	5.82307692307692
3LS4_1	0.410490335721194	-0.153846153846154	1648	5.74307692307692
4D9Q_1	0.724275221862057	-0.623076923076923	1593	5.68153846153846
1CGS_1	1.63544135347078	-0.861538461538461	1804	6.56384615384615
4PY7_1	0.576331864259934	-0.246153846153846	1579	5.90769230769231
4XXD_1	0.383841602458618	-0.7	1635	5.9
4XTR_1	1.29946161579828	-0.446153846153846	1595	5.88307692307692
4YZF_1	1.19339642848109	-0.623076923076923	1592	5.88461538461539
4U1G_1	0.664500769192933	-0.669230769230769	1753	5.67923076923077
4XWG_1	1.52167946282037	-0.9	1651	6.08461538461538
4POZ_1	0.656404497420861	-0.0846153846153846	1756	5.86923076923077
1NJ9_1	1.79198606732879	-1.20769230769231	1743	5.61846153846154
1IGY_1	0.403284917620907	-1.51538461538462	1767	6.15923076923077
2IQA_1	0.990573868948954	-0.823076923076923	1608	5.86
1JPS_1	0.33614815197308	-1.1	1742	5.94384615384615
4NM4_1	0.638231582115535	-0.569230769230769	1622	6.47
4QHK_3	0.259081803306407	-0.892307692307692	1714	5.83615384615385
4O51_1	0.39549663677152	-0.692307692307692	1700	6.35076923076923
4OAW_1	0.152907598790906	-0.615384615384615	1640	6.14153846153846
1AIF_1	1.77570302033814	-1.28461538461538	1812	5.45307692307692
2WUB_1	0.791807250049109	-0.484615384615385	1671	5.88153846153846
1TET_1	1.19234466764019	-0.169230769230769	1584	5.62538461538461
1A3R_1	1.82712856724698	-1.22307692307692	1797	5.78384615384615
4RGN_2	0.0554795980518963	-0.453846153846154	1763	5.88
4R7N_1	0.988127317950728	-1.09230769230769	1696	5.59153846153846
3WE6_1	1.01475240369692	-0.5	1723	6.12076923076923
3MCL_1	1.48327455660182	-1.33076923076923	1781	6.13923076923077
5A3I_1	0.880399561372277	-0.653846153846154	1710	5.87461538461538
4HJ0_1	0.420004457462064	-0.515384615384615	1620	6.53461538461538
2AJ3_1	0.879111036616536	-0.407692307692308	1727	6.25461538461539
4GXU_1	1.30570487013763	-0.246153846153846	1579	5.90769230769231
3M8O_1	1.11636698905251	-1.06923076923077	1606	5.88692307692308
4QHU_1	0.264848259106985	-0.246153846153846	1579	5.90769230769231
1GGB_1	1.9762658726806	-0.823076923076923	1608	5.86
2QAD_1	0.201374111786995	-0.607692307692308	1676	6.69153846153846
4YAQ_1	1.66696534577432	-0.1	1535	6.20461538461538
2O5X_1	0.394601651922966	-0.0692307692307693	1595	5.61538461538461
4FQK_1	0.243079269741376	-0.507692307692308	1575	6.26769230769231
4KI5_1	0.557998337539938	-0.415384615384615	1641	5.60692307692308
3WLW_1	1.59704945567772	-0.692307692307692	1735	6.21153846153846
1LK3_1	0.729321954931084	-0.776923076923077	1663	6.13615384615385
3KS0_1	0.236852487426248	-0.484615384615385	1735	5.31153846153846
1F58_1	0.471498907656564	-0.853846153846154	1638	5.83769230769231
4QHM_1	0.680964982421025	0.0846153846153847	1713	5.85769230769231
3CVH_1	1.42440408712076	-1.3	1706	6.12923076923077
1EZV_1	0.794432334797935	-0.346153846153846	1772	5.55461538461538
4Q6I_1	0.333750622815273	0.107692307692308	1610	5.43230769230769
4PLJ_1	1.51282281920649	-1.41538461538462	1723	6.07769230769231
3DUS_1	1.18053842136912	-0.684615384615385	1687	5.85692307692308
4ORG_3	0.643291101291243	-0.653846153846154	1606	6.21769230769231
3OPZ_2	0.170795279034578	-1.01538461538462	1777	6.26769230769231
1NCW_1	0.767520297049329	-1.29230769230769	1665	6.23
4ZS6_1	0.422140627048022	-0.0923076923076924	1642	5.90461538461538
3GJE_1	1.46025832849123	-0.653846153846154	1636	5.88076923076923
4JDV_1	0.254144783760162	-0.723076923076923	1712	6.19384615384615
3G6J_1	1.27555699365023	-0.446153846153846	1595	5.88307692307692
3UJT_1	1.5802570838381	-0.784615384615385	1762	6.15230769230769
4XVS_1	1.57984696190502	-0.769230769230769	1684	6.64538461538461
3NGB_1	0.681917068478786	-0.676923076923077	1615	6.32846153846154
2A9M_1	0.127812379126593	-0.446153846153846	1595	5.88307692307692
3NCY_1	0.230825109223413	-1.56153846153846	1724	6.23230769230769
3LMJ_1	1.84498654900584	-0.684615384615385	1636	6.19538461538462
3WHE_1	0.346696105079499	-0.469230769230769	1634	6.21461538461538
1A6U_1	0.888884437377716	-1.00769230769231	1815	5.65538461538462
4FNL_1	0.40288634462036	-0.246153846153846	1579	5.90769230769231
4QTH_1	1.23696946960276	-0.846153846153846	1871	5.95461538461539
2OSL_1	1.44848784645586	-1.30769230769231	1633	6.18076923076923
3J7E_1	0.00320524636338497	-0.569230769230769	1749	6.16692307692308
1RZ8_1	0.821988342225397	-0.315384615384615	1629	6.01615384615385
1BFO_1	0.243785502027226	-0.576923076923077	1698	5.82230769230769
2W60_1	1.74365326744539	-1.16923076923077	1680	5.98230769230769
1IND_1	0.798028692431862	-0.446153846153846	1727	5.26538461538461
3VRL_1	0.492089751163343	-1.02307692307692	1728	5.59076923076923
3LRS_1	1.85000450567586	0.0153846153846153	1535	6.16615384615385
1OAQ_1	1.09603397008021	-1.00769230769231	1815	5.65538461538462
4YGV_1	0.550081699608793	-1.13076923076923	1755	6.14846153846154
4F58_1	0.470993921411943	-0.569230769230769	1523	5.90692307692308
1JNL_1	1.33994967267898	-1.56153846153846	1887	5.76230769230769
1UB5_1	1.12162055449269	-0.538461538461538	1719	5.72076923076923
8FAB_1	1.18415849243439	-0.730769230769231	1569	5.88461538461539
4Y5X_1	0.60163042836418	-0.323076923076923	1607	6.30076923076923
2UYL_1	0.346897762295561	-1.1	1778	6.16615384615385
3A6B_1	0.00304089159622724	-0.730769230769231	1768	5.89923076923077
3MXV_1	1.18369250906559	-0.407692307692308	1661	6.16307692307692
4XHJ_1	0.622077897855651	-0.869230769230769	1686	6.34230769230769
4K23_1	1.05037530364746	-1.76923076923077	1798	6.51615384615385
3CXD_1	1.12227321405173	-0.392307692307692	1610	5.85769230769231
1BBJ_1	0.00155351359826355	-0.961538461538462	1750	5.89923076923077
4TTD_1	0.0436044467686514	-0.515384615384615	1671	6.19615384615385
3O0R_1	0.39940665179263	-1.24615384615385	1796	5.91076923076923
3HNS_1	0.1881338224279	-0.607692307692308	1836	6.21307692307692
2XA8_1	0.524676039123427	-0.853846153846154	1638	5.83769230769231
3PIQ_1	0.887259195936704	-0.153846153846154	1593	6.17769230769231
4S1D_1	1.95483999616337	-1.2	1843	5.67
3LRS_3	0.127390236378226	0.0153846153846154	1535	6.16615384615385
1F8T_1	0.711854935546796	-1.29230769230769	1665	6.23
1L7T_1	0.140000071607123	-0.684615384615385	1653	5.63692307692308
2I9L_1	0.682963598282515	-1.1	1778	6.16615384615385
2FJF_1	1.32138712495238	-0.453846153846154	1694	5.89923076923077
3J2Y_1	0.00358261681596061	-0.507692307692308	1807	6.16615384615385
4QXT_1	0.899392536970136	-0.646153846153846	1768	5.96846153846154
4OGX_1	0.310453818066391	-0.0384615384615385	1621	5.90923076923077
4DKF_1	1.54040808118433	-0.415384615384615	1565	5.90538461538462
4UTB_1	0.344848906116868	-0.176923076923077	1754	5.88384615384615
4LLY_1	0.128554841246839	-1.05384615384615	1681	5.42076923076923
4DGV_1	0.44528211067592	0.146153846153846	1550	5.93076923076923
4M48_1	0.585999907647276	-0.615384615384615	1671	5.61769230769231
4RDQ_1	0.139477041353408	-0.930769230769231	1793	6.10230769230769
1MFB_1	0.385821534239602	-1.00769230769231	1815	5.65538461538462
2V7N_1	0.704070715006668	-0.246153846153846	1579	5.90769230769231
1YEC_1	0.422832949997593	-1.42307692307692	1805	6.52
4ODX_1	0.930653640311204	-0.484615384615385	1620	6.22
3CSY_1	0.436876897998357	-0.484615384615384	1671	5.88153846153846
3BGF_1	1.66137213113514	-1.46923076923077	1850	6.44
1OTS_1	1.69558053726026	-0.815384615384615	1700	6.21538461538462
1C5B_1	0.110247139575137	-1.50769230769231	1895	6.26615384615385
4LF3_1	0.308894647613872	-0.869230769230769	1636	6.27
1KN2_1	0.121703232694536	-1.42307692307692	1805	6.52
1MF2_1	0.497602844833107	-0.330769230769231	1635	5.67384615384615
3P0V_1	1.05521634280476	-0.453846153846154	1694	5.89923076923077
2ARJ_1	0.507079707817718	-0.192307692307692	1575	5.89846153846154
1BQL_1	0.539655410120198	-1.7	1862	6.73230769230769
3INU_1	0.212269920178297	-0.730769230769231	1664	6.27384615384615
1NMC_1	0.000297691954881581	-0.776923076923077	1750	5.84307692307692
1TZH_1	0.352165339981802	-0.653846153846154	1623	5.65923076923077
1AJ7_1	0.159502076632253	-1.77692307692308	1945	5.83384615384615
4JHA_1	0.814346595621299	-0.692307692307692	1646	6.24615384615385
4HLZ_1	0.595136031029323	-0.684615384615385	1687	5.85692307692308
3DGG_1	1.92167652206621	-0.707692307692308	1691	6.17153846153846
4GMS_1	1.43551668537917	-1.1	1737	5.60307692307692
3U30_1	0.99377847688129	-0.484615384615385	1671	5.88153846153846
4CNI_1	0.429393421302659	-0.169230769230769	1655	5.86769230769231
2GSG_1	1.71340599784231	-0.6	1839	5.69076923076923
3UBX_1	0.128455139190692	-0.230769230769231	1543	5.70615384615385
3FZU_1	0.593856559111712	-0.484615384615385	1671	5.88153846153846
2C1O_1	1.18529088777003	-1.73846153846154	1821	6.53384615384615
4UT9_1	0.267819998951254	-0.684615384615385	1636	6.19538461538462
4OLU_1	0.195773118973214	-0.815384615384615	1614	5.93923076923077
1GGI_1	1.77166876818496	-0.823076923076923	1608	5.86
4ODT_1	0.812252779377025	0.307692307692308	1609	5.62
3H3P_1	0.204418913586779	-0.530769230769231	1648	6.29846153846154
4NCC_1	0.0560247773801914	-0.646153846153846	1724	5.86846153846154
3QQ9_1	1.4582069178714	-0.823076923076923	1608	5.86
1V7M_1	1.25411895829831	-0.692307692307692	1766	5.68769230769231
3V6O_1	0.40788888987321	-0.307692307692308	1576	5.87076923076923
4ZTO_1	0.3083943165208	-0.0307692307692308	1723	5.93384615384615
3FO2_1	0.175314398473142	-0.623076923076923	1592	5.88461538461539
3X2D_1	1.19687773592916	-0.923076923076923	1714	6.15076923076923
2UUD_1	1.67236976290293	-0.684615384615385	1687	5.85692307692308
4HZL_1	1.35489932424682	-0.953846153846154	1704	5.69846153846154
1XGY_1	0.341255389454877	-0.815384615384615	1739	6.13461538461539
4M5Y_1	0.868605616769966	-0.923076923076923	1728	6.16923076923077
2VXS_1	0.911155326996448	-0.192307692307692	1579	5.91076923076923
4G6F_1	0.713772925269362	-0.307692307692308	1716	6.64076923076923
4JO3_1	0.339018554518162	-0.0307692307692307	1723	5.93384615384615
4UU9_1	0.904611604666886	-0.246153846153846	1579	5.90769230769231
2NR6_1	0.925109216039921	-0.815384615384615	1754	5.96615384615385
3V4P_1	1.24374623431336	-1.07692307692308	1787	6.31538461538461
2Y6S_1	0.101862974470609	-0.146153846153846	1648	5.83923076923077
3J5M_1	1.9642996309485	-0.292307692307692	1677	6.35153846153846
4J8R_1	0.818467613942055	-0.107692307692308	1673	6.14538461538462
1JGU_1	0.512223909650846	0.392307692307692	1620	5.70769230769231
4YK4_1	0.436404385038123	-0.923076923076923	1714	6.15076923076923
4FFZ_1	0.0134555349392011	-0.884615384615385	1751	6.16230769230769
3IFP_1	0.197077755444393	-0.823076923076923	1608	5.86
1J05_1	0.358826285860583	-0.776923076923077	1812	5.97923076923077
2ADG_1	0.0995053164827551	-1.2	1710	5.62307692307692
4M6M_1	0.120888389525217	-0.653846153846154	1710	5.87461538461539
4QHK_1	1.25622257293224	-0.892307692307692	1714	5.83615384615385
5CGY_1	1.73183249345325	-0.630769230769231	1619	5.84
4D9L_1	1.214783936349	-0.676923076923077	1650	6.18923076923077
3MCK_1	0.375771392764937	-0.823076923076923	1608	5.86
4EBQ_1	0.354473568110985	-0.692307692307692	1721	6.19307692307692
1A6T_1	1.92204987444668	-1.54615384615385	1739	6.17307692307692
1TJG_1	0.54507703467109	-0.3	1565	5.86692307692308
4HG4_1	0.905787267283312	-0.3	1648	6.21692307692308
1NCB_1	0.945536823841624	-0.476923076923077	1577	5.7
1NGW_1	0.685219655203131	-0.376923076923077	1705	6.17923076923077
3IET_1	0.0826317913426774	-0.376923076923077	1750	5.67384615384615
3MUG_1	0.526273380147112	0.0153846153846153	1535	6.16615384615385
1RZI_1	1.9307782897855	-0.169230769230769	1604	6.20615384615385
4QNP_1	0.440161950473343	-0.253846153846154	1506	5.95923076923077
2NZ9_1	0.291784077722726	-0.684615384615385	1687	5.85692307692308
4NKM_1	0.423377532565892	-0.823076923076923	1608	5.86
3NFP_1	1.92618433772169	-1.37692307692308	1748	6.54076923076923
3CFD_1	0.225727643347022	-0.130769230769231	1666	5.57615384615385
1ZVO_1	0.000438406204334135	-0.892307692307692	1714	5.83615384615385
1E4W_1	0.764432635044123	-0.576923076923077	1822	5.88
2GFB_1	0.46591611079525	-1.05384615384615	1768	5.78769230769231
2YK1_1	0.847567886415005	-0.446153846153846	1664	5.86384615384615
1EHL_1	0.844015381946325	-1.1	1778	6.16615384615385
3RKD_1	0.278778262696355	-0.561538461538462	1596	5.85538461538462
3LHP_1	0.523333971396854	-0.530769230769231	1648	6.29846153846154
3O6K_1	1.51305665687839	-1.79230769230769	1764	5.83846153846154
3MJ8_1	0.45397521424523	-0.453846153846154	1593	5.80230769230769
4G7V_1	0.35323377832818	-0.446153846153846	1595	5.88307692307692
4AL8_1	1.28885256148043	-0.938461538461539	1721	5.95076923076923
5BO1_1	0.836812085166376	-0.415384615384615	1565	5.90538461538462
3UO1_1	0.376667136785582	0.153846153846154	1712	5.68153846153846
4HS6_1	1.15113307021908	-0.684615384615385	1687	5.85692307692308
1BLN_1	0.696408255587196	-0.938461538461538	1707	5.68846153846154
1FSK_1	0.0654852368572491	-1.48461538461538	1810	6.06846153846154
4WV1_1	0.000257386868355222	-0.415384615384615	1565	5.90538461538462
3I02_1	0.00251588592746044	-0.684615384615385	1687	5.85692307692308
4ODV_1	0.940317210321246	-0.453846153846154	1827	5.40076923076923
1FOR_1	0.660840077386733	-0.784615384615385	1762	6.15230769230769
3IXX_1	0.00426117280413206	-0.161538461538462	1620	5.83923076923077
1HEZ_1	1.48468665261327	-0.415384615384615	1565	5.90538461538462
1DBA_1	0.990152172842874	0.6	1532	5.67769230769231
4FQQ_2	0.344312919176725	-0.923076923076923	1714	6.15076923076923
3WIH_1	1.38442402718411	-0.576923076923077	1785	5.52923076923077
2V17_1	1.56911944492763	-0.830769230769231	1705	5.60153846153846
4QF1_1	1.24931696810717	-0.184615384615385	1569	5.86
1HIL_1	0.800655312209444	-0.884615384615384	1635	5.68076923076923
3KDM_1	1.18809566299204	-0.246153846153846	1579	5.90769230769231
1AD0_1	0.0250549145777812	-1.03846153846154	1661	5.83384615384615
1YNT_1	0.0348264231870018	-0.369230769230769	1707	5.88846153846154
1CF8_1	0.491832830707072	-0.307692307692308	1592	5.84692307692308
4MHH_1	0.723324066596248	-0.361538461538462	1620	6.15692307692308
4FFW_1	0.171669263016124	-1.21538461538462	1677	6.11384615384615
2NTF_1	1.90594192979229	-0.692307692307692	1800	5.43846153846154
1ZA3_1	0.251440100322124	-0.446153846153846	1595	5.88307692307692
4HCR_1	0.266562285944579	-0.653846153846154	1606	6.21769230769231
1W72_1	0.665098981529819	-0.246153846153846	1579	5.90769230769231
3MLW_1	0.504816966117917	-0.653846153846154	1710	5.87461538461539
1Q1J_1	1.00326634840112	-0.130769230769231	1602	6.20153846153846
1CK0_1	0.270932698006967	-0.246153846153846	1579	5.90769230769231
3PNW_1	0.503894037663531	-0.484615384615385	1671	5.88153846153846
3PJS_1	0.516396546766628	-0.446153846153846	1595	5.88307692307692
1Z3G_1	0.64022650050158	-1.67692307692308	1811	6.48615384615385
1FE8_1	1.18542936028386	-0.076923076923077	1659	5.76615384615385
4K8R_2	1.19282832867852	-0.915384615384616	1649	5.68230769230769
1MLB_1	0.918754173937188	-0.938461538461539	1832	6.22923076923077
5D6C_1	0.723680657030781	-0.453846153846154	1694	5.89923076923077
1TPX_1	0.38490784221984	-0.707692307692308	1638	5.98307692307692
43CA_1	1.13651595350908	-0.546153846153846	1633	5.82769230769231
1GPO_1	0.29030622455004	-0.415384615384615	1752	5.88538461538461
1MH5_1	0.165177315658052	-1.1	1778	6.16615384615385
3RHW_1	0.7971158884836	-0.992307692307692	1730	5.63307692307692
5CHN_1	0.104505432511898	-0.376923076923077	1696	5.86538461538461
1A3L_1	0.262747390047932	-0.861538461538461	1796	6.11384615384615
4EVN_1	0.0901241204204156	-0.930769230769231	1604	6.55923076923077
2DQF_1	1.99651811800056	-0.492307692307692	1676	5.92538461538462
3PP3_1	1.15722595366434	-1.1	1778	6.16615384615385
4PTT_1	0.275803464467907	-0.784615384615385	1567	6.22846153846154
3NA9_1	1.24298358676385	-0.453846153846154	1694	5.89923076923077
3GI8_1	0.651129379960697	-0.438461538461538	1732	5.80538461538462
1IGI_1	0.913739668754911	-0.530769230769231	1722	6.26076923076923
1BFV_1	1.39267715616375	-0.661538461538462	1767	5.67307692307692
1Q0X_1	0.332669698917712	-1.00769230769231	1815	5.65538461538462
3J8V_1	0.00241878859142339	-0.930769230769231	1736	6.30076923076923
2R56_1	1.13389027135984	-0.492307692307692	1593	6.29846153846154
2QR0_1	0.43196531283457	-0.446153846153846	1595	5.88307692307692
4AT6_3	0.559410861609708	-1.35384615384615	1717	5.76692307692308
2H9G_1	0.625495344929119	-0.415384615384615	1565	5.90538461538462
1NAK_1	0.262544505213877	-0.246153846153846	1675	5.81076923076923
1MJJ_1	0.955794551937286	-1.1	1778	6.16615384615385
3Q6F_1	0.549676890440556	-0.153846153846154	1593	6.17769230769231
1NC2_1	0.834627395423202	-0.315384615384615	1616	5.38846153846154
4G80_1	0.24577127991878	-0.446153846153846	1595	5.88307692307692
4F2M_1	0.0969012061870243	-0.846153846153846	1764	6.08692307692308
1YY8_1	0.599459968732276	-1.05384615384615	1679	5.81076923076923
5CUS_1	1.38680212097533	-0.484615384615385	1671	5.88153846153846
1AHW_1	0.325886309320188	-1.75384615384615	1945	5.69846153846154
2G2R_1	0.61628527910417	-1.43076923076923	1791	6.65153846153846
1FBI_1	0.130306344743837	-0.607692307692308	1822	6.19461538461538
3DVN_1	0.416703683007484	-0.0923076923076924	1621	5.90615384615385
4KPH_1	1.08698858567052	-0.830769230769231	1704	5.78846153846154
4JR9_1	0.306915323990728	-0.0692307692307693	1519	5.91384615384615
4XMK_1	0.81305081106759	-0.169230769230769	1655	5.86769230769231
1BJ1_1	0.282260056486924	-0.592307692307692	1579	5.68
1YUH_1	0.63185718463946	-0.646153846153846	1742	5.66230769230769
4Q2Z_1	0.691440830449361	-0.723076923076923	1712	6.19384615384615
4F33_1	0.216028950834603	-1.13846153846154	1669	6.45230769230769
2P8M_1	0.405682330457056	-0.3	1565	5.86692307692308
3PIQ_2	0.211208552899733	-0.153846153846154	1593	6.17769230769231
1P2C_1	0.252841585962439	-0.938461538461539	1832	6.22923076923077
1FVD_1	1.43950960036327	-0.484615384615385	1671	5.88153846153846
3IFL_1	1.06521111102354	-0.853846153846154	1638	5.83769230769231
2Z91_1	0.266251127254576	-1.63846153846154	1698	6.13692307692308
4YPG_1	0.00878085200877725	-0.684615384615385	1636	6.19538461538462
1PKQ_1	0.167870685387594	-1.1	1778	6.16615384615385
2ZCH_1	0.190778852039041	-0.161538461538462	1715	5.84769230769231
5CWS_1	0.190356681029324	-0.446153846153846	1595	5.88307692307692
1D5B_1	0.539518938511427	-1.44615384615385	1766	6.13692307692308
1L7I_1	0.786082466595796	-1.13076923076923	1721	6.22230769230769
4HDI_1	1.90590167688472	-0.346153846153846	1751	5.65923076923077
1QBL_1	1.10698416114791	-1.51538461538462	1859	5.68384615384615
1ORS_1	0.617997708871426	-0.338461538461539	1606	5.84846153846154
4HIE_1	0.758204338723848	-0.415384615384615	1565	5.90538461538461
1A2Y_1	1.53725954218698	-0.769230769230769	1623	5.83461538461538
2G5B_1	0.6340500950479	-0.246153846153846	1600	5.90615384615385
3J2X_1	0.00291153749270596	-0.815384615384615	1739	6.13461538461539
1F3D_1	0.504802823982294	-1.3	1706	6.12923076923077
1ETZ_1	1.3599402884899	-0.876923076923077	1619	5.49769230769231
3B2U_1	0.838061235444558	-0.892307692307692	1714	5.83615384615385
4LVN_1	1.30800117409141	-0.446153846153846	1581	5.86461538461539
1NGP_1	0.0950104026541272	-1.00769230769231	1815	5.65538461538462
4DKE_1	0.232649444718875	-0.453846153846154	1694	5.89923076923077
3G6A_1	1.88575994017858	-0.453846153846154	1694	5.89923076923077
3OKD_1	1.25789848600006	-0.684615384615385	1687	5.85692307692308
2LTQ_1	0.100606445720442	-1.14615384615385	1735	5.46461538461538
3L95_1	1.91435725977415	-0.453846153846154	1694	5.89923076923077
4EDX_1	0.432973502935801	-0.3	1618	5.35384615384615
2Q76_1	0.393415828275883	-0.938461538461538	1832	6.22923076923077
3EFF_1	0.464682999431334	-0.446153846153846	1595	5.88307692307692
4WHY_1	1.30819025154001	-0.992307692307692	1800	6.21923076923077
1YED_1	0.0956531627182308	-1.42307692307692	1805	6.52
3U7W_1	0.675157575492195	-0.923076923076923	1642	6.64692307692308
4PP1_1	0.0554576777416847	0.0846153846153846	1664	5.59538461538462
1R24_1	0.96494124813094	-0.153846153846154	1709	5.40307692307692
4HFW_1	1.41418527810185	-0.8	1740	6.58692307692308
3C09_1	0.571147824833903	-1.1	1778	6.16615384615385
4RFE_1	1.20224709887438	-0.892307692307692	1714	5.83615384615385
2DD8_1	0.970417888467298	-0.676923076923077	1650	6.18923076923077
3QEH_1	1.00786383532247	-0.723076923076923	1712	6.19384615384615
4C83_1	0.397353705940312	-1.22307692307692	1684	6.00769230769231
5DO2_1	0.273249394774259	-0.415384615384615	1751	5.40230769230769
2V7H_1	0.750812344224905	-0.523076923076923	1822	5.88307692307692
4O58_1	1.20607907078848	-0.461538461538462	1629	6.36923076923077
1Q72_1	0.517298929545287	-0.646153846153846	1724	5.86846153846154
4JM2_2	1.66503078235539	-0.438461538461539	1690	6.35461538461538
1KNO_1	0.719916935905108	-1.05384615384615	1768	5.78769230769231
4K2U_1	0.256893307818638	-0.625	1725	5.63333333333333
2IPU_1	0.663942838008162	-0.823076923076923	1608	5.86
1U6A_1	0.536124252607859	-0.684615384615385	1687	5.85692307692308
3QPQ_1	1.63962761358626	-1.24615384615385	1809	6.11615384615385
2OJZ_1	0.345513700183267	-0.815384615384615	1740	5.94769230769231
1T4K_1	0.32801622919072	-0.807692307692308	1564	6.21923076923077
3U0T_1	0.129689747630642	-1.40769230769231	1783	6.64
4YDV_1	0.162190496614319	-0.684615384615385	1687	5.85692307692308
1DEE_1	1.17651759281832	-0.415384615384615	1565	5.90538461538461
3EO0_1	1.37195922727888	-0.346153846153846	1676	6.29538461538462
3V7A_1	0.0234886730574533	-0.569230769230769	1720	6.10923076923077
1LO0_1	0.457196486479245	-1.06153846153846	1637	5.86538461538461
1UWX_1	0.0327574287452484	-0.307692307692308	1577	5.66769230769231
5DLM_1	0.229231290538618	-0.738461538461539	1691	5.71307692307692
1DN0_1	0.805748490031266	-0.892307692307693	1714	5.83615384615385
1I9I_1	0.689519621324879	-0.684615384615385	1653	5.63692307692308
4HIX_1	0.0443044824820222	-1.46153846153846	1651	6.22769230769231
3IF1_1	0.13752873340688	-0.376923076923077	1750	5.67384615384615
3G5X_1	1.12117224879342	-0.638461538461539	1616	5.79846153846154
1PG7_1	0.0091782460198006	-0.646153846153846	1742	5.66230769230769
3HAE_1	0.0557790059789523	-0.415384615384615	1565	5.90538461538461
2VC2_1	0.815947549265202	-1.35384615384615	1822	5.67
3BAE_1	0.427578444758678	-0.823076923076923	1608	5.86
3RA7_1	0.729175583827381	0.161538461538462	1632	5.72923076923077
4M7K_1	0.552338784454344	-1.06923076923077	1764	5.83307692307692
4UIM_1	1.34087282764008	-0.623076923076923	1850	5.95846153846154
5DUR_1	0.0442804408514622	-0.892307692307692	1714	5.83615384615385
4M61_1	0.179243790856198	-1.3	1706	6.12923076923077
