HIGHpdb	SD	HYDRO	MW	PI
3J42_1	8.36006397827387	-1.03076923076923	1697	5.62461538461539
1OM3_1	10.5948039020082	-0.238461538461539	1536	6.1
4JAM_1	5.09396653340665	0.176923076923077	1656	6.25846153846154
1OAX_1	34.6803038980325	-1.08461538461538	1856	6.27
3SKJ_1	5.39770527104176	-0.238461538461539	1639	5.88769230769231
12E8_1	5.700474316835	-0.461538461538462	1796	5.96538461538461
1OCW_1	6.15257711529746	-1.00769230769231	1815	5.65538461538462
1CBV_1	6.31136289276037	0.0692307692307692	1563	5.89384615384615
2RCJ_1	59.2176569370778	0.0692307692307692	1563	5.89384615384615
