PDB	SD	Hydrophobic	Hydrophilic	Amphipathic	Glycines
2RCJ_1	59.2176569370778	53.8461538461538	23.0769230769231	7.69230769230769	15.3846153846154
4JAM_1	5.09396653340665	46.1538461538462	23.0769230769231	15.3846153846154	15.3846153846154
1CBV_1	6.31136289276037	53.8461538461538	23.0769230769231	7.69230769230769	15.3846153846154
1OM3_1	10.5948039020082	53.8461538461538	23.0769230769231	7.69230769230769	15.3846153846154
3SKJ_1	5.39770527104176	38.4615384615385	23.0769230769231	23.0769230769231	15.3846153846154
1OAX_1	34.6803038980325	30.7692307692308	30.7692307692308	23.0769230769231	15.3846153846154
12E8_1	5.700474316835	46.1538461538462	23.0769230769231	23.0769230769231	7.69230769230769
3J42_1	8.36006397827387	38.4615384615385	46.1538461538462	7.69230769230769	7.69230769230769
1OCW_1	6.15257711529746	30.7692307692308	30.7692307692308	23.0769230769231	15.3846153846154
