PDB	SD	Hydrophobic	Hydrophilic	Amphipathic	Glycines
1FN4_1	4.52830192722372	53.8461538461538	23.0769230769231	7.69230769230769	15.3846153846154
1CR9_1	3.29073495249952	30.7692307692308	38.4615384615385	23.0769230769231	7.69230769230769
3J42_1	8.36006397827387	38.4615384615385	46.1538461538462	7.69230769230769	7.69230769230769
3L5W_1	2.19216923212063	38.4615384615385	30.7692307692308	7.69230769230769	23.0769230769231
3SGD_1	2.09113475245035	38.4615384615385	30.7692307692308	15.3846153846154	15.3846153846154
1BOG_1	2.02080370583319	30.7692307692308	38.4615384615385	23.0769230769231	7.69230769230769
4HH9_1	3.97285037796748	53.8461538461538	15.3846153846154	7.69230769230769	23.0769230769231
12E8_1	5.700474316835	46.1538461538462	23.0769230769231	23.0769230769231	7.69230769230769
4FQC_1	4.0669593002267	30.7692307692308	30.7692307692308	23.0769230769231	15.3846153846154
5BVJ_1	2.22708490598051	38.4615384615385	30.7692307692308	15.3846153846154	15.3846153846154
3R06_1	4.20896046985482	46.1538461538462	15.3846153846154	15.3846153846154	23.0769230769231
1MNU_1	2.16153712417676	38.4615384615385	30.7692307692308	15.3846153846154	15.3846153846154
1AD9_1	4.1802300283982	38.4615384615385	23.0769230769231	23.0769230769231	15.3846153846154
4MWF_1	3.63839885071229	53.8461538461538	15.3846153846154	15.3846153846154	15.3846153846154
4R26_1	2.07915764473861	38.4615384615385	23.0769230769231	23.0769230769231	15.3846153846154
1FVC_1	2.16128318650696	38.4615384615385	23.0769230769231	23.0769230769231	15.3846153846154
3W9D_1	3.53165008330912	38.4615384615385	15.3846153846154	23.0769230769231	23.0769230769231
3TCL_1	2.1464085517154	30.7692307692308	23.0769230769231	15.3846153846154	30.7692307692308
4NKD_1	2.16927678644986	30.7692307692308	30.7692307692308	15.3846153846154	23.0769230769231
1E6J_1	3.81586073247989	23.0769230769231	38.4615384615385	23.0769230769231	15.3846153846154
3DUR_1	2.71495133560816	30.7692307692308	30.7692307692308	23.0769230769231	15.3846153846154
3CFB_1	2.66656968878751	46.1538461538462	30.7692307692308	15.3846153846154	7.69230769230769
4NP4_1	2.06950780127498	30.7692307692308	30.7692307692308	23.0769230769231	15.3846153846154
1WT5_1	2.8354288960935	38.4615384615385	15.3846153846154	30.7692307692308	15.3846153846154
4MA3_1	2.01929671669132	53.8461538461538	15.3846153846154	15.3846153846154	15.3846153846154
4M7J_1	3.44701853622632	38.4615384615385	23.0769230769231	15.3846153846154	23.0769230769231
4G5Z_1	2.09637220210582	46.1538461538462	30.7692307692308	15.3846153846154	7.69230769230769
4QT5_1	2.5631468233959	23.0769230769231	38.4615384615385	23.0769230769231	15.3846153846154
3KYK_1	2.51675169006455	46.1538461538462	23.0769230769231	15.3846153846154	15.3846153846154
1N7M_1	2.14302375043603	46.1538461538462	15.3846153846154	23.0769230769231	15.3846153846154
4ZFO_1	2.52094669069469	46.1538461538462	30.7692307692308	15.3846153846154	7.69230769230769
1A4K_1	2.47042603249925	61.5384615384615	15.3846153846154	0	23.0769230769231
4R4F_1	3.24538183066099	38.4615384615385	30.7692307692308	15.3846153846154	15.3846153846154
3ULS_1	2.47589521912291	46.1538461538462	23.0769230769231	15.3846153846154	15.3846153846154
3SKJ_1	5.39770527104176	38.4615384615385	23.0769230769231	23.0769230769231	15.3846153846154
1OCW_1	6.15257711529746	30.7692307692308	30.7692307692308	23.0769230769231	15.3846153846154
4F37_1	2.30942913213158	30.7692307692308	30.7692307692308	15.3846153846154	23.0769230769231
2JIX_1	2.50866798494161	23.0769230769231	38.4615384615385	23.0769230769231	15.3846153846154
2FAT_1	2.432769122813	30.7692307692308	30.7692307692308	23.0769230769231	15.3846153846154
4R4N_1	3.20868305251454	38.4615384615385	30.7692307692308	15.3846153846154	15.3846153846154
1OAX_1	34.6803038980325	30.7692307692308	30.7692307692308	23.0769230769231	15.3846153846154
4C2I_1	2.7739282837998	38.4615384615385	23.0769230769231	15.3846153846154	23.0769230769231
5DFV_1	2.29716082947799	38.4615384615385	23.0769230769231	23.0769230769231	15.3846153846154
1Y18_1	2.28865440865827	30.7692307692308	30.7692307692308	23.0769230769231	15.3846153846154
2EH7_1	2.52211483109721	38.4615384615385	23.0769230769231	23.0769230769231	15.3846153846154
1CBV_1	6.31136289276037	53.8461538461538	23.0769230769231	7.69230769230769	15.3846153846154
3QG6_1	2.04786025959593	46.1538461538462	30.7692307692308	7.69230769230769	15.3846153846154
4TPR_1	3.89171773375202	46.1538461538462	23.0769230769231	23.0769230769231	7.69230769230769
4UIF_1	4.61721071375209	46.1538461538462	15.3846153846154	23.0769230769231	15.3846153846154
4ZFF_1	2.93905375128345	38.4615384615385	23.0769230769231	23.0769230769231	15.3846153846154
4TRP_1	2.59057174075226	38.4615384615385	30.7692307692308	15.3846153846154	15.3846153846154
4FQH_1	2.12834319104221	53.8461538461538	15.3846153846154	15.3846153846154	15.3846153846154
4JAM_1	5.09396653340665	46.1538461538462	23.0769230769231	15.3846153846154	15.3846153846154
1UB6_1	2.02446085667271	46.1538461538462	30.7692307692308	15.3846153846154	7.69230769230769
1AR1_1	2.10780362311322	30.7692307692308	46.1538461538462	15.3846153846154	7.69230769230769
4GAG_1	2.03620236477431	30.7692307692308	30.7692307692308	23.0769230769231	15.3846153846154
1OM3_1	10.5948039020082	53.8461538461538	23.0769230769231	7.69230769230769	15.3846153846154
2HKF_1	2.86732153324536	53.8461538461538	23.0769230769231	7.69230769230769	15.3846153846154
2RCJ_1	59.2176569370778	53.8461538461538	23.0769230769231	7.69230769230769	15.3846153846154
4HJG_1	2.52265506067804	30.7692307692308	38.4615384615385	23.0769230769231	7.69230769230769
2OR9_1	4.00456136942768	46.1538461538462	30.7692307692308	7.69230769230769	15.3846153846154
1HYS_1	2.16634260235241	30.7692307692308	38.4615384615385	15.3846153846154	15.3846153846154
2PCP_1	2.08511576925611	30.7692307692308	23.0769230769231	30.7692307692308	15.3846153846154
3ZTJ_1	3.29955117512392	46.1538461538462	23.0769230769231	15.3846153846154	15.3846153846154
