PDB	SD	Hydrophobic	Hydrophilic	Amphipathic	Glycines
2J6E_1	0.925793695404115	30.7692307692308	30.7692307692308	23.0769230769231	15.3846153846154
4UT9_1	0.267819998951254	38.4615384615385	23.0769230769231	23.0769230769231	15.3846153846154
1NCA_1	0.708653223717002	38.4615384615385	23.0769230769231	7.69230769230769	30.7692307692308
4N90_1	0.700168485983432	38.4615384615385	30.7692307692308	15.3846153846154	15.3846153846154
4S2S_1	0.269325659245458	46.1538461538462	38.4615384615385	7.69230769230769	7.69230769230769
1L7I_1	0.786082466595796	30.7692307692308	38.4615384615385	15.3846153846154	15.3846153846154
3VRL_1	0.492089751163343	23.0769230769231	53.8461538461538	15.3846153846154	7.69230769230769
4QWW_1	0.110313607612566	46.1538461538462	23.0769230769231	15.3846153846154	15.3846153846154
4KI5_1	0.557998337539938	46.1538461538462	30.7692307692308	7.69230769230769	15.3846153846154
4EDX_1	0.432973502935801	46.1538461538462	46.1538461538462	0	7.69230769230769
1KEN_1	0.264509554958792	38.4615384615385	30.7692307692308	15.3846153846154	15.3846153846154
1Q9O_1	0.402173375081777	30.7692307692308	30.7692307692308	23.0769230769231	15.3846153846154
1E4W_1	0.764432635044123	38.4615384615385	30.7692307692308	23.0769230769231	7.69230769230769
1CF8_1	0.491832830707072	46.1538461538462	30.7692307692308	7.69230769230769	15.3846153846154
3EFF_1	0.464682999431334	38.4615384615385	30.7692307692308	15.3846153846154	15.3846153846154
4QHU_1	0.264848259106985	46.1538461538462	23.0769230769231	15.3846153846154	15.3846153846154
1J05_1	0.358826285860583	38.4615384615385	23.0769230769231	30.7692307692308	7.69230769230769
5A3I_1	0.880399561372277	30.7692307692308	30.7692307692308	23.0769230769231	15.3846153846154
1A6U_1	0.888884437377716	30.7692307692308	30.7692307692308	23.0769230769231	15.3846153846154
4Y5X_1	0.60163042836418	46.1538461538462	23.0769230769231	15.3846153846154	15.3846153846154
1OB1_1	0.660066502568113	46.1538461538462	23.0769230769231	7.69230769230769	23.0769230769231
1CT8_1	0.311733681340338	30.7692307692308	46.1538461538462	15.3846153846154	7.69230769230769
2ZCH_1	0.190778852039041	38.4615384615385	23.0769230769231	23.0769230769231	15.3846153846154
1RZ7_1	0.626416094626693	38.4615384615385	15.3846153846154	30.7692307692308	15.3846153846154
4U6H_1	0.183231165995306	38.4615384615385	23.0769230769231	23.0769230769231	15.3846153846154
3IF1_1	0.13752873340688	46.1538461538462	30.7692307692308	15.3846153846154	7.69230769230769
4YGV_1	0.550081699608793	30.7692307692308	23.0769230769231	30.7692307692308	15.3846153846154
4LF3_1	0.308894647613872	30.7692307692308	30.7692307692308	15.3846153846154	23.0769230769231
5CSZ_1	0.646648444288316	46.1538461538462	23.0769230769231	15.3846153846154	15.3846153846154
1HIL_1	0.800655312209444	38.4615384615385	30.7692307692308	15.3846153846154	15.3846153846154
3J2X_1	0.00291153749270596	38.4615384615385	23.0769230769231	23.0769230769231	15.3846153846154
4G6K_1	0.193008331458776	46.1538461538462	30.7692307692308	0	23.0769230769231
3O2V_1	0.100276226853628	53.8461538461538	23.0769230769231	0	23.0769230769231
1HZH_1	0.616576368745835	38.4615384615385	15.3846153846154	30.7692307692308	15.3846153846154
1ORS_1	0.617997708871426	46.1538461538462	30.7692307692308	7.69230769230769	15.3846153846154
1CLY_1	0.154586977396225	38.4615384615385	30.7692307692308	23.0769230769231	7.69230769230769
4ZTO_1	0.3083943165208	53.8461538461538	7.69230769230769	23.0769230769231	15.3846153846154
4R7N_1	0.988127317950728	30.7692307692308	46.1538461538462	15.3846153846154	7.69230769230769
1YY8_1	0.599459968732276	30.7692307692308	38.4615384615385	15.3846153846154	15.3846153846154
2V7H_1	0.750812344224905	38.4615384615385	30.7692307692308	23.0769230769231	7.69230769230769
1KC5_1	0.216758634025266	46.1538461538462	38.4615384615385	7.69230769230769	7.69230769230769
3HI5_1	0.749781548143414	38.4615384615385	30.7692307692308	15.3846153846154	15.3846153846154
3PJS_1	0.516396546766628	38.4615384615385	30.7692307692308	15.3846153846154	15.3846153846154
3CMO_1	0.977372185344202	30.7692307692308	30.7692307692308	30.7692307692308	7.69230769230769
4XAK_1	0.400939444427709	46.1538461538462	15.3846153846154	23.0769230769231	15.3846153846154
3MJ8_1	0.45397521424523	38.4615384615385	30.7692307692308	7.69230769230769	23.0769230769231
15C8_1	0.56744265795497	30.7692307692308	30.7692307692308	30.7692307692308	7.69230769230769
1YEC_1	0.422832949997593	30.7692307692308	30.7692307692308	23.0769230769231	15.3846153846154
5ANY_1	0.00190421066323934	53.8461538461538	30.7692307692308	0	15.3846153846154
2NR6_1	0.925109216039921	38.4615384615385	23.0769230769231	23.0769230769231	15.3846153846154
1A4J_1	0.802862474388053	61.5384615384615	15.3846153846154	0	23.0769230769231
4N8C_1	0.631208060614326	53.8461538461538	23.0769230769231	15.3846153846154	7.69230769230769
4NNP_1	0.772963171252354	38.4615384615385	30.7692307692308	15.3846153846154	15.3846153846154
3SM5_1	0.986238179752531	38.4615384615385	23.0769230769231	23.0769230769231	15.3846153846154
1IGY_1	0.403284917620907	30.7692307692308	53.8461538461538	7.69230769230769	7.69230769230769
1C5B_1	0.110247139575137	23.0769230769231	38.4615384615385	30.7692307692308	7.69230769230769
4OUU_1	0.433741064730904	53.8461538461538	30.7692307692308	7.69230769230769	7.69230769230769
3BAE_1	0.427578444758678	30.7692307692308	30.7692307692308	15.3846153846154	23.0769230769231
1ZA6_1	0.750825111206111	46.1538461538462	30.7692307692308	7.69230769230769	15.3846153846154
2ARJ_1	0.507079707817718	53.8461538461538	23.0769230769231	7.69230769230769	15.3846153846154
4JDV_1	0.254144783760162	38.4615384615385	15.3846153846154	30.7692307692308	15.3846153846154
3MME_1	0.147361053199275	46.1538461538462	23.0769230769231	7.69230769230769	23.0769230769231
2VC2_1	0.815947549265202	23.0769230769231	30.7692307692308	30.7692307692308	15.3846153846154
4UT6_1	0.000674579869252052	46.1538461538462	23.0769230769231	15.3846153846154	15.3846153846154
1BBJ_1	0.00155351359826355	38.4615384615385	38.4615384615385	15.3846153846154	7.69230769230769
4OTX_1	0.236938754453551	30.7692307692308	23.0769230769231	30.7692307692308	15.3846153846154
1FBI_1	0.130306344743837	38.4615384615385	23.0769230769231	30.7692307692308	7.69230769230769
3J8Z_1	0.00157282304577803	38.4615384615385	23.0769230769231	23.0769230769231	15.3846153846154
1Q72_1	0.517298929545287	30.7692307692308	30.7692307692308	23.0769230769231	15.3846153846154
4EVN_1	0.0901241204204156	46.1538461538462	7.69230769230769	30.7692307692308	15.3846153846154
2VWE_1	0.132731721003308	38.4615384615385	30.7692307692308	23.0769230769231	7.69230769230769
3HZK_1	0.349505583249157	30.7692307692308	30.7692307692308	23.0769230769231	15.3846153846154
1G9M_1	0.167967559016618	46.1538461538462	30.7692307692308	7.69230769230769	15.3846153846154
3I02_1	0.00251588592746044	30.7692307692308	30.7692307692308	23.0769230769231	15.3846153846154
4LU5_1	0.0561322576109317	30.7692307692308	38.4615384615385	23.0769230769231	7.69230769230769
2XQY_1	0.855924474355067	30.7692307692308	30.7692307692308	23.0769230769231	15.3846153846154
1MRD_1	0.50425430038457	38.4615384615385	23.0769230769231	23.0769230769231	15.3846153846154
4JY6_1	0.915240126694902	38.4615384615385	23.0769230769231	23.0769230769231	15.3846153846154
1CZ8_1	0.364284443104558	38.4615384615385	23.0769230769231	15.3846153846154	23.0769230769231
1DN0_1	0.805748490031266	30.7692307692308	30.7692307692308	23.0769230769231	15.3846153846154
1FVE_1	0.455248073649963	38.4615384615385	23.0769230769231	23.0769230769231	15.3846153846154
2R29_1	0.00448283217769088	38.4615384615385	30.7692307692308	23.0769230769231	7.69230769230769
1T66_1	0.227991025244418	38.4615384615385	38.4615384615385	15.3846153846154	7.69230769230769
4JLR_1	0.264025893920466	30.7692307692308	38.4615384615385	15.3846153846154	15.3846153846154
5BO1_1	0.836812085166376	38.4615384615385	23.0769230769231	15.3846153846154	23.0769230769231
1BEY_1	0.799463412090884	30.7692307692308	30.7692307692308	23.0769230769231	15.3846153846154
4UU9_1	0.904611604666886	46.1538461538462	23.0769230769231	15.3846153846154	15.3846153846154
4PP1_1	0.0554576777416847	46.1538461538462	30.7692307692308	7.69230769230769	15.3846153846154
1IGI_1	0.913739668754911	38.4615384615385	23.0769230769231	23.0769230769231	15.3846153846154
4PTT_1	0.275803464467907	38.4615384615385	23.0769230769231	15.3846153846154	23.0769230769231
3IFP_1	0.197077755444393	30.7692307692308	30.7692307692308	15.3846153846154	23.0769230769231
4JN1_1	0.329901375869367	38.4615384615385	30.7692307692308	15.3846153846154	15.3846153846154
1NC2_1	0.834627395423202	38.4615384615385	30.7692307692308	7.69230769230769	23.0769230769231
1DQJ_1	0.544375821199565	38.4615384615385	38.4615384615385	15.3846153846154	7.69230769230769
1RZ8_1	0.821988342225397	46.1538461538462	30.7692307692308	7.69230769230769	15.3846153846154
4U1G_1	0.664500769192933	46.1538461538462	30.7692307692308	15.3846153846154	7.69230769230769
3J7E_1	0.00320524636338497	38.4615384615385	23.0769230769231	23.0769230769231	15.3846153846154
1TZH_1	0.352165339981802	38.4615384615385	30.7692307692308	15.3846153846154	15.3846153846154
1FJ1_1	0.281219902411792	46.1538461538462	30.7692307692308	7.69230769230769	15.3846153846154
4Q2Z_1	0.691440830449361	38.4615384615385	15.3846153846154	30.7692307692308	15.3846153846154
1D5B_1	0.539518938511427	23.0769230769231	30.7692307692308	30.7692307692308	15.3846153846154
1YUH_1	0.63185718463946	38.4615384615385	30.7692307692308	15.3846153846154	15.3846153846154
4YK4_1	0.436404385038123	30.7692307692308	23.0769230769231	30.7692307692308	15.3846153846154
5DK3_1	0.081214749353185	30.7692307692308	23.0769230769231	30.7692307692308	15.3846153846154
1NAK_1	0.262544505213877	46.1538461538462	23.0769230769231	15.3846153846154	15.3846153846154
4YDV_1	0.162190496614319	30.7692307692308	30.7692307692308	23.0769230769231	15.3846153846154
3IXT_1	0.614717726736929	30.7692307692308	38.4615384615385	15.3846153846154	15.3846153846154
3UO1_1	0.376667136785582	53.8461538461538	23.0769230769231	15.3846153846154	7.69230769230769
1LO0_1	0.457196486479245	38.4615384615385	38.4615384615385	7.69230769230769	15.3846153846154
4OAW_1	0.152907598790906	30.7692307692308	30.7692307692308	23.0769230769231	15.3846153846154
3IYW_1	0.00265160976264292	38.4615384615385	15.3846153846154	30.7692307692308	15.3846153846154
4EBQ_1	0.354473568110985	38.4615384615385	15.3846153846154	30.7692307692308	15.3846153846154
3V6O_1	0.40788888987321	46.1538461538462	23.0769230769231	7.69230769230769	23.0769230769231
4D9Q_1	0.724275221862057	38.4615384615385	23.0769230769231	15.3846153846154	23.0769230769231
4OCX_1	0.981229452835573	46.1538461538462	30.7692307692308	7.69230769230769	15.3846153846154
2A9N_1	0.364569407137381	38.4615384615385	30.7692307692308	15.3846153846154	15.3846153846154
5DLM_1	0.229231290538618	46.1538461538462	30.7692307692308	15.3846153846154	7.69230769230769
3MUG_1	0.526273380147112	46.1538461538462	23.0769230769231	7.69230769230769	23.0769230769231
4FQQ_2	0.344312919176725	30.7692307692308	23.0769230769231	30.7692307692308	15.3846153846154
3HAE_1	0.0557790059789523	38.4615384615385	23.0769230769231	15.3846153846154	23.0769230769231
4FNL_1	0.40288634462036	46.1538461538462	23.0769230769231	15.3846153846154	15.3846153846154
3VI3_1	0.839087199389509	38.4615384615385	23.0769230769231	23.0769230769231	15.3846153846154
4FFW_1	0.171669263016124	38.4615384615385	38.4615384615385	15.3846153846154	7.69230769230769
1C08_1	0.835087244348158	30.7692307692308	46.1538461538462	15.3846153846154	7.69230769230769
3B9K_1	0.311091628383024	38.4615384615385	38.4615384615385	7.69230769230769	15.3846153846154
4QEX_1	0.109995409561032	30.7692307692308	30.7692307692308	23.0769230769231	15.3846153846154
4M62_1	0.396246376720971	46.1538461538462	15.3846153846154	23.0769230769231	15.3846153846154
3MLW_1	0.504816966117917	30.7692307692308	30.7692307692308	23.0769230769231	15.3846153846154
4HIX_1	0.0443044824820222	23.0769230769231	38.4615384615385	15.3846153846154	23.0769230769231
4U6V_1	0.0353383684965795	38.4615384615385	30.7692307692308	15.3846153846154	15.3846153846154
4DVB_1	0.295318620999422	30.7692307692308	46.1538461538462	15.3846153846154	7.69230769230769
1I7Z_1	0.200828932458695	46.1538461538462	23.0769230769231	7.69230769230769	23.0769230769231
1R24_1	0.96494124813094	46.1538461538462	38.4615384615385	7.69230769230769	7.69230769230769
4TTD_1	0.0436044467686514	38.4615384615385	15.3846153846154	30.7692307692308	15.3846153846154
1BQL_1	0.539655410120198	15.3846153846154	46.1538461538462	23.0769230769231	15.3846153846154
4M6M_1	0.120888389525217	30.7692307692308	30.7692307692308	23.0769230769231	15.3846153846154
1MCP_1	0.345054674190196	38.4615384615385	23.0769230769231	23.0769230769231	15.3846153846154
1UWX_1	0.0327574287452484	46.1538461538462	23.0769230769231	7.69230769230769	23.0769230769231
4ODT_1	0.812252779377025	53.8461538461538	30.7692307692308	7.69230769230769	7.69230769230769
4ZPT_1	0.777547826101337	53.8461538461538	38.4615384615385	7.69230769230769	0
5ESV_1	0.211903868729039	46.1538461538462	23.0769230769231	7.69230769230769	23.0769230769231
3S96_1	0.521313767323	53.8461538461538	23.0769230769231	7.69230769230769	15.3846153846154
4NM4_1	0.638231582115535	38.4615384615385	23.0769230769231	23.0769230769231	15.3846153846154
1S3K_1	0.749006642139665	46.1538461538462	23.0769230769231	15.3846153846154	15.3846153846154
3LHP_1	0.523333971396854	46.1538461538462	23.0769230769231	15.3846153846154	15.3846153846154
4LLY_1	0.128554841246839	30.7692307692308	38.4615384615385	15.3846153846154	15.3846153846154
2G2R_1	0.61628527910417	30.7692307692308	30.7692307692308	23.0769230769231	15.3846153846154
3IET_1	0.0826317913426774	46.1538461538462	30.7692307692308	15.3846153846154	7.69230769230769
1YED_1	0.0956531627182308	30.7692307692308	30.7692307692308	23.0769230769231	15.3846153846154
2R4R_1	0.723834172426254	30.7692307692308	38.4615384615385	15.3846153846154	15.3846153846154
3O0R_1	0.39940665179263	23.0769230769231	30.7692307692308	30.7692307692308	15.3846153846154
3EO9_1	0.78093317940961	30.7692307692308	23.0769230769231	30.7692307692308	15.3846153846154
1AHW_1	0.325886309320188	23.0769230769231	38.4615384615385	38.4615384615385	0
1F11_1	0.161716027964145	30.7692307692308	23.0769230769231	30.7692307692308	15.3846153846154
4MHH_1	0.723324066596248	46.1538461538462	23.0769230769231	15.3846153846154	15.3846153846154
4ZYK_2	0.545213362083981	46.1538461538462	23.0769230769231	15.3846153846154	15.3846153846154
2FL5_1	0.53068060103638	23.0769230769231	38.4615384615385	23.0769230769231	15.3846153846154
4AEI_1	0.507837874689357	38.4615384615385	30.7692307692308	23.0769230769231	7.69230769230769
1NCW_1	0.767520297049329	30.7692307692308	38.4615384615385	15.3846153846154	15.3846153846154
4M7K_1	0.552338784454344	30.7692307692308	30.7692307692308	23.0769230769231	15.3846153846154
4YPG_1	0.00878085200877725	38.4615384615385	23.0769230769231	23.0769230769231	15.3846153846154
4QNP_1	0.440161950473343	53.8461538461538	15.3846153846154	15.3846153846154	15.3846153846154
1W72_1	0.665098981529819	46.1538461538462	23.0769230769231	15.3846153846154	15.3846153846154
2W9D_1	0.627292103260114	23.0769230769231	46.1538461538462	15.3846153846154	15.3846153846154
5CP7_1	0.628700371785256	23.0769230769231	46.1538461538462	15.3846153846154	15.3846153846154
2I9L_1	0.682963598282515	30.7692307692308	23.0769230769231	30.7692307692308	15.3846153846154
2G5B_1	0.6340500950479	38.4615384615385	15.3846153846154	23.0769230769231	23.0769230769231
3DIF_1	0.102405325371776	38.4615384615385	23.0769230769231	23.0769230769231	15.3846153846154
3GK8_1	0.000837678538184297	38.4615384615385	38.4615384615385	15.3846153846154	7.69230769230769
2FJH_1	0.0211340074761033	38.4615384615385	23.0769230769231	23.0769230769231	15.3846153846154
1AFV_1	0.238492975158599	38.4615384615385	23.0769230769231	23.0769230769231	15.3846153846154
4R8W_1	0.52358980592904	30.7692307692308	30.7692307692308	15.3846153846154	23.0769230769231
4WV1_1	0.000257386868355222	38.4615384615385	23.0769230769231	15.3846153846154	23.0769230769231
2Q76_1	0.393415828275883	30.7692307692308	38.4615384615385	23.0769230769231	7.69230769230769
3KS0_1	0.236852487426248	38.4615384615385	38.4615384615385	7.69230769230769	15.3846153846154
1AP2_1	0.892806456954978	53.8461538461538	15.3846153846154	23.0769230769231	7.69230769230769
3J2Y_1	0.00358261681596061	38.4615384615385	23.0769230769231	30.7692307692308	7.69230769230769
1MJJ_1	0.955794551937286	30.7692307692308	23.0769230769231	30.7692307692308	15.3846153846154
1PG7_1	0.0091782460198006	38.4615384615385	30.7692307692308	15.3846153846154	15.3846153846154
3UAJ_1	0.62348311443829	30.7692307692308	30.7692307692308	23.0769230769231	15.3846153846154
1M71_1	0.980892740734003	46.1538461538462	30.7692307692308	15.3846153846154	7.69230769230769
1NGP_1	0.0950104026541272	30.7692307692308	30.7692307692308	23.0769230769231	15.3846153846154
4G80_1	0.24577127991878	38.4615384615385	30.7692307692308	15.3846153846154	15.3846153846154
1ZA3_1	0.251440100322124	38.4615384615385	30.7692307692308	15.3846153846154	15.3846153846154
4HJ0_1	0.420004457462064	46.1538461538462	7.69230769230769	30.7692307692308	15.3846153846154
4ODX_1	0.930653640311204	46.1538461538462	15.3846153846154	23.0769230769231	15.3846153846154
4Y5Y_1	0.248705718399276	38.4615384615385	23.0769230769231	23.0769230769231	15.3846153846154
4QHM_1	0.680964982421025	46.1538461538462	23.0769230769231	23.0769230769231	7.69230769230769
4NRX_2	0.728962037579459	30.7692307692308	30.7692307692308	23.0769230769231	15.3846153846154
4K2U_1	0.256893307818638	41.6666666666667	33.3333333333333	25	0
5CWS_1	0.190356681029324	38.4615384615385	30.7692307692308	15.3846153846154	15.3846153846154
3Q3G_1	0.907691754977427	30.7692307692308	30.7692307692308	30.7692307692308	7.69230769230769
2WUB_1	0.791807250049109	38.4615384615385	23.0769230769231	23.0769230769231	15.3846153846154
1KFA_1	0.263028166252209	53.8461538461538	30.7692307692308	7.69230769230769	7.69230769230769
2Z91_1	0.266251127254576	15.3846153846154	53.8461538461538	15.3846153846154	15.3846153846154
1XGY_1	0.341255389454877	38.4615384615385	23.0769230769231	23.0769230769231	15.3846153846154
4J8R_1	0.818467613942055	53.8461538461538	23.0769230769231	7.69230769230769	15.3846153846154
4POZ_1	0.656404497420861	46.1538461538462	30.7692307692308	15.3846153846154	7.69230769230769
1BFO_1	0.243785502027226	38.4615384615385	30.7692307692308	15.3846153846154	15.3846153846154
4F58_1	0.470993921411943	38.4615384615385	23.0769230769231	15.3846153846154	23.0769230769231
3V7A_1	0.0234886730574533	38.4615384615385	30.7692307692308	15.3846153846154	15.3846153846154
2UYL_1	0.346897762295561	30.7692307692308	23.0769230769231	30.7692307692308	15.3846153846154
1P2C_1	0.252841585962439	30.7692307692308	38.4615384615385	23.0769230769231	7.69230769230769
4NCC_1	0.0560247773801914	30.7692307692308	30.7692307692308	23.0769230769231	15.3846153846154
3MLX_1	0.697579071271495	30.7692307692308	38.4615384615385	15.3846153846154	15.3846153846154
3U7W_1	0.675157575492195	53.8461538461538	15.3846153846154	15.3846153846154	15.3846153846154
3IJH_1	0.460709558443976	30.7692307692308	30.7692307692308	23.0769230769231	15.3846153846154
2XKN_1	0.0813611204568878	53.8461538461538	38.4615384615385	7.69230769230769	0
1T4K_1	0.32801622919072	38.4615384615385	15.3846153846154	23.0769230769231	23.0769230769231
4M61_1	0.179243790856198	30.7692307692308	30.7692307692308	23.0769230769231	15.3846153846154
3RHW_1	0.7971158884836	30.7692307692308	38.4615384615385	15.3846153846154	15.3846153846154
1LK3_1	0.729321954931084	38.4615384615385	30.7692307692308	15.3846153846154	15.3846153846154
1I9R_1	0.235702835013353	30.7692307692308	23.0769230769231	30.7692307692308	15.3846153846154
4G6F_1	0.713772925269362	53.8461538461538	7.69230769230769	23.0769230769231	15.3846153846154
2DQT_1	0.762069484181395	61.5384615384615	23.0769230769231	7.69230769230769	7.69230769230769
1K4C_1	0.558473181944217	30.7692307692308	30.7692307692308	30.7692307692308	7.69230769230769
2QAD_1	0.201374111786995	46.1538461538462	23.0769230769231	15.3846153846154	15.3846153846154
3ZKM_1	0.205815308618146	38.4615384615385	23.0769230769231	15.3846153846154	23.0769230769231
4F2M_1	0.0969012061870243	38.4615384615385	38.4615384615385	15.3846153846154	7.69230769230769
4RGM_1	0.162976799354998	38.4615384615385	38.4615384615385	7.69230769230769	15.3846153846154
3LD8_1	0.132834251486578	46.1538461538462	30.7692307692308	7.69230769230769	15.3846153846154
4FQK_1	0.243079269741376	46.1538461538462	7.69230769230769	23.0769230769231	23.0769230769231
2XZA_1	0.08881190461025	30.7692307692308	30.7692307692308	23.0769230769231	15.3846153846154
2ADG_1	0.0995053164827551	38.4615384615385	30.7692307692308	15.3846153846154	15.3846153846154
1FPT_1	0.00163817947734601	53.8461538461538	30.7692307692308	0	15.3846153846154
2DD8_1	0.970417888467298	38.4615384615385	23.0769230769231	23.0769230769231	15.3846153846154
1F58_1	0.471498907656564	30.7692307692308	38.4615384615385	15.3846153846154	15.3846153846154
3U36_1	0.20308088504091	46.1538461538462	15.3846153846154	15.3846153846154	23.0769230769231
1CK0_1	0.270932698006967	46.1538461538462	23.0769230769231	15.3846153846154	15.3846153846154
4OKV_1	0.15597007826022	23.0769230769231	30.7692307692308	30.7692307692308	15.3846153846154
4M48_1	0.585999907647276	30.7692307692308	46.1538461538462	15.3846153846154	7.69230769230769
1NCB_1	0.945536823841624	38.4615384615385	23.0769230769231	7.69230769230769	30.7692307692308
3U0T_1	0.129689747630642	30.7692307692308	30.7692307692308	23.0769230769231	15.3846153846154
3LRS_3	0.127390236378226	46.1538461538462	23.0769230769231	7.69230769230769	23.0769230769231
4DKE_1	0.232649444718875	38.4615384615385	23.0769230769231	23.0769230769231	15.3846153846154
1JN6_1	0.31617178938751	30.7692307692308	38.4615384615385	15.3846153846154	15.3846153846154
1YNT_1	0.0348264231870018	46.1538461538462	30.7692307692308	15.3846153846154	7.69230769230769
4LLW_1	0.721779246896168	30.7692307692308	38.4615384615385	15.3846153846154	15.3846153846154
4JR9_1	0.306915323990728	46.1538461538462	15.3846153846154	7.69230769230769	30.7692307692308
4QHL_1	0.579630984887798	38.4615384615385	30.7692307692308	23.0769230769231	7.69230769230769
1ZVO_1	0.000438406204334135	30.7692307692308	30.7692307692308	23.0769230769231	15.3846153846154
3RA7_1	0.729175583827381	61.5384615384615	23.0769230769231	7.69230769230769	7.69230769230769
4HCR_1	0.266562285944579	38.4615384615385	15.3846153846154	23.0769230769231	23.0769230769231
1TPX_1	0.38490784221984	46.1538461538462	30.7692307692308	0	23.0769230769231
1AD0_1	0.0250549145777812	23.0769230769231	38.4615384615385	23.0769230769231	15.3846153846154
1L7T_1	0.140000071607123	38.4615384615385	38.4615384615385	15.3846153846154	7.69230769230769
3U2S_1	0.249518256914532	46.1538461538462	15.3846153846154	15.3846153846154	23.0769230769231
1F8T_1	0.711854935546796	30.7692307692308	38.4615384615385	15.3846153846154	15.3846153846154
4LMQ_1	0.348680010657336	30.7692307692308	38.4615384615385	15.3846153846154	15.3846153846154
3H42_1	0.765051353477657	46.1538461538462	30.7692307692308	7.69230769230769	15.3846153846154
3W14_1	0.0613408061611551	30.7692307692308	46.1538461538462	15.3846153846154	7.69230769230769
4O51_1	0.39549663677152	53.8461538461538	15.3846153846154	15.3846153846154	15.3846153846154
1D5I_1	0.927919258388356	23.0769230769231	30.7692307692308	30.7692307692308	15.3846153846154
4JZJ_1	0.245250794666399	30.7692307692308	23.0769230769231	30.7692307692308	15.3846153846154
4DGV_1	0.44528211067592	46.1538461538462	15.3846153846154	15.3846153846154	23.0769230769231
1JGU_1	0.512223909650846	61.5384615384615	23.0769230769231	7.69230769230769	7.69230769230769
1NGW_1	0.685219655203131	46.1538461538462	15.3846153846154	23.0769230769231	15.3846153846154
4MHJ_2	0.397157090032291	46.1538461538462	23.0769230769231	15.3846153846154	15.3846153846154
4RGN_1	0.153546323502065	30.7692307692308	46.1538461538462	15.3846153846154	7.69230769230769
1MH5_1	0.165177315658052	30.7692307692308	23.0769230769231	30.7692307692308	15.3846153846154
4KUC_1	0.955917151389441	30.7692307692308	23.0769230769231	30.7692307692308	15.3846153846154
4G7V_1	0.35323377832818	38.4615384615385	30.7692307692308	15.3846153846154	15.3846153846154
4JHA_1	0.814346595621299	46.1538461538462	15.3846153846154	23.0769230769231	15.3846153846154
3MCK_1	0.375771392764937	30.7692307692308	30.7692307692308	15.3846153846154	23.0769230769231
4CAD_1	0.202570775470986	23.0769230769231	30.7692307692308	30.7692307692308	15.3846153846154
4NRZ_1	0.0725661263124874	30.7692307692308	30.7692307692308	23.0769230769231	15.3846153846154
4I9W_1	0.620634855621072	23.0769230769231	38.4615384615385	23.0769230769231	15.3846153846154
4ODV_1	0.940317210321246	46.1538461538462	38.4615384615385	15.3846153846154	0
3Q6F_1	0.549676890440556	46.1538461538462	23.0769230769231	15.3846153846154	15.3846153846154
3INU_1	0.212269920178297	38.4615384615385	30.7692307692308	15.3846153846154	15.3846153846154
1BJ1_1	0.282260056486924	38.4615384615385	23.0769230769231	15.3846153846154	23.0769230769231
3UBX_1	0.128455139190692	46.1538461538462	23.0769230769231	7.69230769230769	23.0769230769231
3VG9_1	0.820455998210751	23.0769230769231	38.4615384615385	23.0769230769231	15.3846153846154
2LTQ_2	0.0136365542751851	38.4615384615385	38.4615384615385	15.3846153846154	7.69230769230769
2BRR_1	0.927760866469373	38.4615384615385	30.7692307692308	7.69230769230769	23.0769230769231
3CFD_1	0.225727643347022	46.1538461538462	38.4615384615385	7.69230769230769	7.69230769230769
3MA9_1	0.353579553544182	46.1538461538462	15.3846153846154	23.0769230769231	15.3846153846154
1GPO_1	0.29030622455004	38.4615384615385	46.1538461538462	7.69230769230769	7.69230769230769
4HIE_1	0.758204338723848	38.4615384615385	23.0769230769231	15.3846153846154	23.0769230769231
5DO2_1	0.273249394774259	46.1538461538462	46.1538461538462	7.69230769230769	0
1NMC_1	0.000297691954881581	38.4615384615385	38.4615384615385	15.3846153846154	7.69230769230769
3PIQ_1	0.887259195936704	46.1538461538462	23.0769230769231	15.3846153846154	15.3846153846154
4Z5R_1	0.838621536834789	38.4615384615385	30.7692307692308	15.3846153846154	15.3846153846154
4OLU_1	0.195773118973214	53.8461538461538	23.0769230769231	7.69230769230769	15.3846153846154
3BN9_1	0.620974811276996	46.1538461538462	23.0769230769231	15.3846153846154	15.3846153846154
4ORG_3	0.643291101291243	38.4615384615385	15.3846153846154	23.0769230769231	23.0769230769231
2AJ3_1	0.879111036616536	38.4615384615385	23.0769230769231	23.0769230769231	15.3846153846154
1WC7_1	0.497942444357043	30.7692307692308	30.7692307692308	23.0769230769231	15.3846153846154
3AAZ_1	0.724116234807988	30.7692307692308	30.7692307692308	15.3846153846154	23.0769230769231
1A3L_1	0.262747390047932	38.4615384615385	23.0769230769231	23.0769230769231	15.3846153846154
1F3D_1	0.504802823982294	30.7692307692308	30.7692307692308	23.0769230769231	15.3846153846154
4AT6_3	0.559410861609708	30.7692307692308	46.1538461538462	7.69230769230769	15.3846153846154
3H3P_1	0.204418913586779	46.1538461538462	23.0769230769231	15.3846153846154	15.3846153846154
1BLN_1	0.696408255587196	38.4615384615385	38.4615384615385	15.3846153846154	7.69230769230769
1UA6_1	0.858780478644283	30.7692307692308	46.1538461538462	15.3846153846154	7.69230769230769
3PNW_1	0.503894037663531	38.4615384615385	23.0769230769231	23.0769230769231	15.3846153846154
1EHL_1	0.844015381946325	30.7692307692308	23.0769230769231	30.7692307692308	15.3846153846154
3WHE_1	0.346696105079499	38.4615384615385	15.3846153846154	23.0769230769231	23.0769230769231
5D6C_1	0.723680657030781	38.4615384615385	23.0769230769231	23.0769230769231	15.3846153846154
4NKO_1	0.176117219085283	30.7692307692308	23.0769230769231	30.7692307692308	15.3846153846154
4XHJ_1	0.622077897855651	38.4615384615385	23.0769230769231	23.0769230769231	15.3846153846154
2B0S_1	0.802119223829601	30.7692307692308	30.7692307692308	23.0769230769231	15.3846153846154
2QR0_1	0.43196531283457	38.4615384615385	30.7692307692308	15.3846153846154	15.3846153846154
3IXX_1	0.00426117280413206	30.7692307692308	30.7692307692308	23.0769230769231	15.3846153846154
1MLB_1	0.918754173937188	30.7692307692308	38.4615384615385	23.0769230769231	7.69230769230769
1FSK_1	0.0654852368572491	30.7692307692308	38.4615384615385	23.0769230769231	7.69230769230769
4NCO_1	0.00755530081024822	30.7692307692308	23.0769230769231	30.7692307692308	15.3846153846154
1KN2_1	0.121703232694536	30.7692307692308	30.7692307692308	23.0769230769231	15.3846153846154
4NYL_1	0.3979496973555	46.1538461538462	23.0769230769231	15.3846153846154	15.3846153846154
3HNS_1	0.1881338224279	38.4615384615385	23.0769230769231	30.7692307692308	7.69230769230769
4M5Y_1	0.868605616769966	30.7692307692308	23.0769230769231	30.7692307692308	15.3846153846154
2P8M_1	0.405682330457056	38.4615384615385	30.7692307692308	7.69230769230769	23.0769230769231
1DBA_1	0.990152172842874	61.5384615384615	15.3846153846154	0	23.0769230769231
2OJZ_1	0.345513700183267	38.4615384615385	23.0769230769231	23.0769230769231	15.3846153846154
1JPS_1	0.33614815197308	30.7692307692308	23.0769230769231	30.7692307692308	15.3846153846154
2A9M_1	0.127812379126593	38.4615384615385	30.7692307692308	15.3846153846154	15.3846153846154
4JZO_1	0.906791542619543	46.1538461538462	15.3846153846154	15.3846153846154	23.0769230769231
3FZU_1	0.593856559111712	38.4615384615385	23.0769230769231	23.0769230769231	15.3846153846154
1MFB_1	0.385821534239602	30.7692307692308	30.7692307692308	23.0769230769231	15.3846153846154
3HC0_1	0.0273063425690824	30.7692307692308	30.7692307692308	23.0769230769231	15.3846153846154
3PIQ_2	0.211208552899733	46.1538461538462	23.0769230769231	15.3846153846154	15.3846153846154
4HG4_1	0.905787267283312	46.1538461538462	15.3846153846154	23.0769230769231	15.3846153846154
4XXD_1	0.383841602458618	38.4615384615385	30.7692307692308	15.3846153846154	15.3846153846154
3LEX_1	0.197571291517768	38.4615384615385	38.4615384615385	7.69230769230769	15.3846153846154
3U9U_1	0.450286305366374	38.4615384615385	23.0769230769231	15.3846153846154	23.0769230769231
3DVN_1	0.416703683007484	46.1538461538462	23.0769230769231	15.3846153846154	15.3846153846154
3W11_1	0.834901285203827	38.4615384615385	23.0769230769231	15.3846153846154	23.0769230769231
4F33_1	0.216028950834603	23.0769230769231	46.1538461538462	15.3846153846154	15.3846153846154
1BVK_1	0.776048823508117	38.4615384615385	23.0769230769231	15.3846153846154	23.0769230769231
1T04_1	0.992078525784294	30.7692307692308	30.7692307692308	23.0769230769231	15.3846153846154
1MHP_1	0.618455389815629	38.4615384615385	30.7692307692308	15.3846153846154	15.3846153846154
4Q6I_1	0.333750622815273	46.1538461538462	30.7692307692308	7.69230769230769	15.3846153846154
3BSZ_1	0.639698998842815	30.7692307692308	23.0769230769231	30.7692307692308	15.3846153846154
2V7N_1	0.704070715006668	46.1538461538462	23.0769230769231	15.3846153846154	15.3846153846154
1I9I_1	0.689519621324879	38.4615384615385	38.4615384615385	15.3846153846154	7.69230769230769
4FFZ_1	0.0134555349392011	30.7692307692308	23.0769230769231	30.7692307692308	15.3846153846154
3NCY_1	0.230825109223413	23.0769230769231	46.1538461538462	15.3846153846154	15.3846153846154
4FFV_1	0.898519879746965	38.4615384615385	30.7692307692308	15.3846153846154	15.3846153846154
1KNO_1	0.719916935905108	30.7692307692308	46.1538461538462	15.3846153846154	7.69230769230769
3WKM_1	0.97051324956669	30.7692307692308	30.7692307692308	30.7692307692308	7.69230769230769
5DUR_1	0.0442804408514622	30.7692307692308	30.7692307692308	23.0769230769231	15.3846153846154
3LS4_1	0.410490335721194	53.8461538461538	23.0769230769231	15.3846153846154	7.69230769230769
1FL5_1	0.511469528770044	30.7692307692308	30.7692307692308	23.0769230769231	15.3846153846154
2IPU_1	0.663942838008162	30.7692307692308	30.7692307692308	15.3846153846154	23.0769230769231
2IQA_1	0.990573868948954	30.7692307692308	30.7692307692308	15.3846153846154	23.0769230769231
4OGX_1	0.310453818066391	46.1538461538462	23.0769230769231	15.3846153846154	15.3846153846154
3C09_1	0.571147824833903	30.7692307692308	23.0769230769231	30.7692307692308	15.3846153846154
3O41_1	0.702036427674756	30.7692307692308	30.7692307692308	15.3846153846154	23.0769230769231
4RDQ_1	0.139477041353408	30.7692307692308	30.7692307692308	23.0769230769231	15.3846153846154
2NZ9_1	0.291784077722726	30.7692307692308	30.7692307692308	23.0769230769231	15.3846153846154
4JO3_1	0.339018554518162	53.8461538461538	7.69230769230769	23.0769230769231	15.3846153846154
1N5Y_1	0.778909638520605	30.7692307692308	38.4615384615385	15.3846153846154	15.3846153846154
3A6B_1	0.00304089159622724	30.7692307692308	46.1538461538462	15.3846153846154	7.69230769230769
4ZS6_1	0.422140627048022	38.4615384615385	15.3846153846154	23.0769230769231	23.0769230769231
2VXS_1	0.911155326996448	46.1538461538462	23.0769230769231	15.3846153846154	15.3846153846154
1I8I_1	0.315947330649427	30.7692307692308	38.4615384615385	15.3846153846154	15.3846153846154
4C83_1	0.397353705940312	23.0769230769231	46.1538461538462	15.3846153846154	15.3846153846154
2H9G_1	0.625495344929119	38.4615384615385	23.0769230769231	15.3846153846154	23.0769230769231
3FO1_1	0.137380948089608	38.4615384615385	23.0769230769231	15.3846153846154	23.0769230769231
3GI8_1	0.651129379960697	46.1538461538462	30.7692307692308	7.69230769230769	15.3846153846154
2GFB_1	0.46591611079525	30.7692307692308	46.1538461538462	15.3846153846154	7.69230769230769
4CNI_1	0.429393421302659	46.1538461538462	23.0769230769231	15.3846153846154	15.3846153846154
1AJ7_1	0.159502076632253	23.0769230769231	46.1538461538462	30.7692307692308	0
4XMK_1	0.81305081106759	46.1538461538462	23.0769230769231	15.3846153846154	15.3846153846154
3V0V_1	0.820647451104511	30.7692307692308	30.7692307692308	23.0769230769231	15.3846153846154
4OII_1	0.00574948523783198	23.0769230769231	30.7692307692308	30.7692307692308	15.3846153846154
2LTQ_1	0.100606445720442	38.4615384615385	38.4615384615385	15.3846153846154	7.69230769230769
2B2X_1	0.514162089338078	38.4615384615385	30.7692307692308	15.3846153846154	15.3846153846154
2Y6S_1	0.101862974470609	46.1538461538462	30.7692307692308	7.69230769230769	15.3846153846154
3FO2_1	0.175314398473142	38.4615384615385	23.0769230769231	15.3846153846154	23.0769230769231
1AXS_1	0.545885727969234	23.0769230769231	30.7692307692308	30.7692307692308	15.3846153846154
5CHN_1	0.104505432511898	46.1538461538462	23.0769230769231	15.3846153846154	15.3846153846154
4QHK_3	0.259081803306407	30.7692307692308	30.7692307692308	23.0769230769231	15.3846153846154
1C5D_1	0.663883464972958	46.1538461538462	23.0769230769231	7.69230769230769	23.0769230769231
1FOR_1	0.660840077386733	38.4615384615385	23.0769230769231	23.0769230769231	15.3846153846154
1FAI_1	0.370081304496726	46.1538461538462	30.7692307692308	7.69230769230769	15.3846153846154
1IND_1	0.798028692431862	38.4615384615385	53.8461538461538	0	7.69230769230769
4UTB_1	0.344848906116868	46.1538461538462	15.3846153846154	23.0769230769231	15.3846153846154
3J8W_1	0.00140198011754809	23.0769230769231	30.7692307692308	30.7692307692308	15.3846153846154
1MF2_1	0.497602844833107	46.1538461538462	30.7692307692308	7.69230769230769	15.3846153846154
1MIM_1	0.88143637373754	23.0769230769231	30.7692307692308	30.7692307692308	15.3846153846154
1AY1_1	0.584172731743363	38.4615384615385	30.7692307692308	15.3846153846154	15.3846153846154
1Q9K_1	0.659540461160634	30.7692307692308	30.7692307692308	23.0769230769231	15.3846153846154
4PY7_1	0.576331864259934	46.1538461538462	23.0769230769231	15.3846153846154	15.3846153846154
3B2U_1	0.838061235444558	30.7692307692308	30.7692307692308	23.0769230769231	15.3846153846154
3NH7_1	0.522566011348727	38.4615384615385	30.7692307692308	15.3846153846154	15.3846153846154
1Z3G_1	0.64022650050158	15.3846153846154	38.4615384615385	30.7692307692308	15.3846153846154
2YK1_1	0.847567886415005	38.4615384615385	30.7692307692308	15.3846153846154	15.3846153846154
3QUM_1	0.572238183490493	38.4615384615385	23.0769230769231	23.0769230769231	15.3846153846154
3J8V_1	0.00241878859142339	38.4615384615385	30.7692307692308	15.3846153846154	15.3846153846154
1UYW_1	0.41023153463928	46.1538461538462	46.1538461538462	0	7.69230769230769
4QCI_1	0.540774053048035	46.1538461538462	23.0769230769231	15.3846153846154	15.3846153846154
3OPZ_2	0.170795279034578	23.0769230769231	30.7692307692308	30.7692307692308	15.3846153846154
3IFO_1	0.238629446767365	30.7692307692308	30.7692307692308	15.3846153846154	23.0769230769231
4UIK_1	0.182333847489984	38.4615384615385	30.7692307692308	23.0769230769231	7.69230769230769
3CSY_1	0.436876897998357	38.4615384615385	23.0769230769231	23.0769230769231	15.3846153846154
2O5X_1	0.394601651922966	53.8461538461538	23.0769230769231	0	23.0769230769231
3RKD_1	0.278778262696355	30.7692307692308	30.7692307692308	15.3846153846154	23.0769230769231
2VXT_1	0.470446431669255	38.4615384615385	38.4615384615385	15.3846153846154	7.69230769230769
4LVH_1	0.239238070884074	38.4615384615385	38.4615384615385	7.69230769230769	15.3846153846154
2QQK_1	0.999873737335119	38.4615384615385	23.0769230769231	15.3846153846154	23.0769230769231
3L5X_1	0.642552312932313	38.4615384615385	23.0769230769231	15.3846153846154	23.0769230769231
4FQQ_1	0.82457913785185	30.7692307692308	23.0769230769231	30.7692307692308	15.3846153846154
4DGI_1	0.832288462054035	30.7692307692308	38.4615384615385	23.0769230769231	7.69230769230769
1EZV_1	0.794432334797935	38.4615384615385	38.4615384615385	15.3846153846154	7.69230769230769
4HLZ_1	0.595136031029323	30.7692307692308	30.7692307692308	23.0769230769231	15.3846153846154
1GIG_1	0.745394448426414	38.4615384615385	30.7692307692308	7.69230769230769	23.0769230769231
3TT1_1	0.100624123389972	38.4615384615385	23.0769230769231	23.0769230769231	15.3846153846154
4NKM_1	0.423377532565892	30.7692307692308	30.7692307692308	15.3846153846154	23.0769230769231
4OZ4_1	0.146439693063389	46.1538461538462	23.0769230769231	15.3846153846154	15.3846153846154
3MAC_1	0.485910345002555	46.1538461538462	15.3846153846154	23.0769230769231	15.3846153846154
1U6A_1	0.536124252607859	30.7692307692308	30.7692307692308	23.0769230769231	15.3846153846154
2XA8_1	0.524676039123427	30.7692307692308	38.4615384615385	15.3846153846154	15.3846153846154
1Q0X_1	0.332669698917712	30.7692307692308	30.7692307692308	23.0769230769231	15.3846153846154
1RZG_1	0.873417589014838	46.1538461538462	23.0769230769231	15.3846153846154	15.3846153846154
3U30_1	0.99377847688129	38.4615384615385	23.0769230769231	23.0769230769231	15.3846153846154
3NGB_1	0.681917068478786	53.8461538461538	23.0769230769231	7.69230769230769	15.3846153846154
4RGN_2	0.0554795980518963	38.4615384615385	23.0769230769231	23.0769230769231	15.3846153846154
2X7L_1	0.290696589646318	53.8461538461538	7.69230769230769	23.0769230769231	15.3846153846154
4QXT_1	0.899392536970136	46.1538461538462	23.0769230769231	23.0769230769231	7.69230769230769
1TJG_1	0.54507703467109	38.4615384615385	30.7692307692308	7.69230769230769	23.0769230769231
1PKQ_1	0.167870685387594	30.7692307692308	23.0769230769231	30.7692307692308	15.3846153846154
2GJZ_1	0.215979893351983	38.4615384615385	23.0769230769231	15.3846153846154	23.0769230769231
4HC1_1	0.308489475428255	23.0769230769231	30.7692307692308	23.0769230769231	23.0769230769231
