PDB	SD	Hydrophobic	Hydrophilic	Amphipathic	Glycines
12E8_1	5.700474316835	46.1538461538462	23.0769230769231	23.0769230769231	7.69230769230769
4HH9_1	3.97285037796748	53.8461538461538	15.3846153846154	7.69230769230769	23.0769230769231
4JAM_1	5.09396653340665	46.1538461538462	23.0769230769231	15.3846153846154	15.3846153846154
1CR9_1	3.29073495249952	30.7692307692308	38.4615384615385	23.0769230769231	7.69230769230769
4FQC_1	4.0669593002267	30.7692307692308	30.7692307692308	23.0769230769231	15.3846153846154
3J42_1	8.36006397827387	38.4615384615385	46.1538461538462	7.69230769230769	7.69230769230769
3ZTJ_1	3.29955117512392	46.1538461538462	23.0769230769231	15.3846153846154	15.3846153846154
3W9D_1	3.53165008330912	38.4615384615385	15.3846153846154	23.0769230769231	23.0769230769231
1E6J_1	3.81586073247989	23.0769230769231	38.4615384615385	23.0769230769231	15.3846153846154
1CBV_1	6.31136289276037	53.8461538461538	23.0769230769231	7.69230769230769	15.3846153846154
4M7J_1	3.44701853622632	38.4615384615385	23.0769230769231	15.3846153846154	23.0769230769231
1OAX_1	34.6803038980325	30.7692307692308	30.7692307692308	23.0769230769231	15.3846153846154
4MWF_1	3.63839885071229	53.8461538461538	15.3846153846154	15.3846153846154	15.3846153846154
1AD9_1	4.1802300283982	38.4615384615385	23.0769230769231	23.0769230769231	15.3846153846154
4TPR_1	3.89171773375202	46.1538461538462	23.0769230769231	23.0769230769231	7.69230769230769
3SKJ_1	5.39770527104176	38.4615384615385	23.0769230769231	23.0769230769231	15.3846153846154
2OR9_1	4.00456136942768	46.1538461538462	30.7692307692308	7.69230769230769	15.3846153846154
4UIF_1	4.61721071375209	46.1538461538462	15.3846153846154	23.0769230769231	15.3846153846154
2RCJ_1	59.2176569370778	53.8461538461538	23.0769230769231	7.69230769230769	15.3846153846154
4R4F_1	3.24538183066099	38.4615384615385	30.7692307692308	15.3846153846154	15.3846153846154
1OM3_1	10.5948039020082	53.8461538461538	23.0769230769231	7.69230769230769	15.3846153846154
4R4N_1	3.20868305251454	38.4615384615385	30.7692307692308	15.3846153846154	15.3846153846154
1OCW_1	6.15257711529746	30.7692307692308	30.7692307692308	23.0769230769231	15.3846153846154
3R06_1	4.20896046985482	46.1538461538462	15.3846153846154	15.3846153846154	23.0769230769231
1FN4_1	4.52830192722372	53.8461538461538	23.0769230769231	7.69230769230769	15.3846153846154
