LOWpdb	SD	HYDRO	MW	PI
4XVS_1	1.57984696190502	-1.25	822	6.72
4O51_1	0.39549663677152	-0.2	737	5.92666666666667
4NCO_1	0.00755530081024822	-2.36666666666667	795	6.455
3VRL_1	0.492089751163343	-0.95	784	5.765
3HC0_1	0.0273063425690824	-0.716666666666667	795	5.69
4PTT_1	0.275803464467907	-0.416666666666667	786	6.465
4J8R_1	0.818467613942055	-0.716666666666667	795	5.69
3IXT_1	0.614717726736929	-1.4	811	5.72
1IGI_1	0.913739668754911	-0.666666666666667	804	6.01333333333333
4LF3_1	0.308894647613872	-0.116666666666667	796	5.81166666666667
4K2U_1	0.256893307818638	-1.23333333333333	854	4.71666666666667
1FBI_1	0.130306344743837	-1.3	853	5.83833333333333
1F8T_1	0.711854935546796	-1.4	811	5.72
3MAC_1	0.485910345002555	-0.516666666666667	768	5.81833333333333
4JZJ_1	0.245250794666399	-1.4	811	5.72
3O0R_1	0.39940665179263	-1.4	812	5.315
1LK3_1	0.729321954931084	-0.716666666666667	795	5.69
1AXT_1	1.30729109929656	0.166666666666667	752	5.78833333333333
2B0S_1	0.802119223829601	-0.9	793	6.08833333333333
4YDJ_1	1.46427813669467	-1.2	853	6.57666666666667
5DLM_1	0.229231290538618	-1.08333333333333	794	5.86833333333333
5DUR_1	0.0442804408514622	-1.4	811	5.72
3L95_1	1.91435725977415	-0.516666666666667	768	5.81833333333333
4XNM_1	1.2355492114987	-1.4	811	5.72
4K8R_2	1.19282832867852	-1.08333333333333	794	5.86833333333333
3O41_1	0.702036427674756	-1.4	811	5.72
4NNP_1	0.772963171252354	-0.516666666666667	768	5.81833333333333
1Z3G_1	0.64022650050158	-1.4	811	5.72
3J2X_1	0.00291153749270596	-1.4	811	5.72
3WIH_1	1.38442402718411	-1.23333333333333	853	5.15666666666667
3I02_1	0.00251588592746044	-0.95	784	5.765
1GPO_1	0.29030622455004	-1.18333333333333	875	5.96
3S96_1	0.521313767323	1.38333333333333	836	5.79
4LVH_1	0.239238070884074	-0.883333333333334	837	6.58166666666667
4JR9_1	0.306915323990728	-0.883333333333333	754	5.81333333333333
1WC7_1	0.497942444357043	-0.95	784	5.765
3ZKM_1	0.205815308618146	-1.4	811	5.72
4PP1_1	0.0554576777416847	-1.23333333333333	853	5.15666666666667
3FZU_1	0.593856559111712	-0.516666666666667	768	5.81833333333333
4FQK_1	0.243079269741376	-0.2	737	5.92666666666667
3U2S_1	0.249518256914532	-0.583333333333333	768	6.5
1AP2_1	0.892806456954978	0.366666666666667	711	5.87666666666667
4HS6_1	1.15113307021908	-0.95	784	5.765
2VWE_1	0.132731721003308	-1.23333333333333	853	5.15666666666667
4NRZ_1	0.0725661263124874	-0.95	784	5.765
1HIL_1	0.800655312209444	-1.08333333333333	794	5.86833333333333
1RZ8_1	0.821988342225397	-0.516666666666667	768	5.81833333333333
4N8C_1	0.631208060614326	-0.716666666666667	795	5.69
4XAK_1	0.400939444427709	-0.516666666666667	768	5.81833333333333
4TTD_1	0.0436044467686514	-0.583333333333333	768	6.5
4G80_1	0.24577127991878	-0.516666666666667	768	5.81833333333333
1AD0_1	0.0250549145777812	-0.95	784	5.765
3UAJ_1	0.62348311443829	-1.4	811	5.72
4YDV_1	0.162190496614319	-0.95	784	5.765
3BGF_1	1.66137213113514	-1.91666666666667	870	4.78166666666667
1NMC_1	0.000297691954881581	-1.23333333333333	853	5.15666666666667
3HR5_1	1.31928777431992	-0.516666666666667	768	5.81833333333333
2XA8_1	0.524676039123427	-1.4	811	5.72
4UU9_1	0.904611604666886	-0.516666666666667	768	5.81833333333333
1JGU_1	0.512223909650846	1.38333333333333	737	5.84333333333333
1F58_1	0.471498907656564	-1.4	811	5.72
2NTF_1	1.90594192979229	-1.23333333333333	855	4.31166666666667
4HFW_1	1.41418527810185	-0.583333333333333	768	6.5
1FSK_1	0.0654852368572491	-2.23333333333333	843	5.50833333333333
4JO3_1	0.339018554518162	-0.2	737	5.92666666666667
4FFV_1	0.898519879746965	-0.25	768	5.68166666666667
3NH7_1	0.522566011348727	-0.516666666666667	768	5.81833333333333
4RFE_1	1.20224709887438	-1.4	811	5.72
1YUH_1	0.63185718463946	-1.23333333333333	854	4.75166666666667
4R7N_1	0.988127317950728	-1.91666666666667	869	5.18666666666667
1BFV_1	1.39267715616375	-0.4	778	5.83833333333333
4MHH_1	0.723324066596248	0.166666666666667	738	5.74833333333333
5CSZ_1	0.646648444288316	-0.516666666666667	768	5.81833333333333
8FAB_1	1.18415849243439	-0.883333333333333	754	5.81333333333333
3W14_1	0.0613408061611551	-1.91666666666667	869	5.18666666666667
3U9U_1	0.450286305366374	-1.4	811	5.72
1Q72_1	0.517298929545287	-0.933333333333333	798	5.75166666666667
4RDQ_1	0.139477041353408	-0.716666666666667	795	5.69
3H3P_1	0.204418913586779	-0.516666666666667	768	5.81833333333333
5DO2_1	0.273249394774259	-0.916666666666667	836	5.305
3NCY_1	0.230825109223413	-1.4	811	5.72
3CMO_1	0.977372185344202	-1.91666666666667	869	5.18666666666667
1MH5_1	0.165177315658052	-1.4	811	5.72
4IMK_1	1.60226578240253	-0.516666666666667	768	5.81833333333333
4LVN_1	1.30800117409141	-0.516666666666667	754	5.77833333333333
3J8Z_1	0.00157282304577803	-0.25	782	5.72166666666667
3QUM_2	1.73141883598626	-0.516666666666667	754	5.77833333333333
3IJH_1	0.460709558443976	-0.95	784	5.765
4YAQ_1	1.66696534577432	-0.583333333333333	768	6.5
3A6B_1	0.00304089159622724	-1.18333333333333	875	5.96
4LLY_1	0.128554841246839	-1.4	798	5.24
1BVK_1	0.776048823508117	-1.4	811	5.72
4YGV_1	0.550081699608793	-1.4	811	5.72
5CUS_1	1.38680212097533	-0.516666666666667	768	5.81833333333333
1IGT_1	1.84491088858026	-1.08333333333333	794	5.86833333333333
3V6O_1	0.40788888987321	-0.716666666666667	795	5.69
1Y0L_1	1.27837073037633	-0.333333333333333	871	4.80666666666667
1TZG_1	1.04420001922197	-0.516666666666667	768	5.81833333333333
3BSZ_1	0.639698998842815	-1.4	811	5.72
1MJJ_1	0.955794551937286	-1.4	811	5.72
3LEX_1	0.197571291517768	-1.4	811	5.72
1CLY_1	0.154586977396225	-1.08333333333333	794	5.86833333333333
1CT8_1	0.311733681340338	-1.18333333333333	875	5.96
1FL3_1	1.25899725994162	-1.08333333333333	794	5.86833333333333
4QHU_1	0.264848259106985	-0.516666666666667	768	5.81833333333333
4G6F_1	0.713772925269362	-0.75	796	7.35166666666667
2GSG_1	1.71340599784231	0.583333333333333	800	5.93
3NA9_1	1.24298358676385	-0.516666666666667	768	5.81833333333333
3DUS_1	1.18053842136912	-0.95	784	5.765
1TET_1	1.19234466764019	-0.216666666666667	775	5.72666666666667
2WUB_1	0.791807250049109	-0.516666666666667	768	5.81833333333333
3WE6_1	1.01475240369692	-1.4	811	5.72
1MLB_1	0.918754173937188	-1.18333333333333	875	5.96
4M62_1	0.396246376720971	-0.516666666666667	768	5.81833333333333
3WHE_1	0.346696105079499	-0.116666666666667	796	5.81166666666667
4LU5_1	0.0561322576109317	-1.08333333333333	794	5.86833333333333
4IML_1	1.07108646126842	-0.516666666666667	768	5.81833333333333
3RHW_1	0.7971158884836	-1.23333333333333	854	4.75166666666667
1AXS_1	0.545885727969234	-1.4	811	5.72
3KS0_1	0.236852487426248	-1.23333333333333	854	4.75166666666667
3IET_1	0.0826317913426774	0.166666666666667	752	5.78833333333333
4QWW_1	0.110313607612566	-0.516666666666667	768	5.81833333333333
3U46_1	1.3823888259771	-0.366666666666667	766	6.635
1TZH_1	0.352165339981802	-0.516666666666667	768	5.81833333333333
2C1O_1	1.18529088777003	-1.4	811	5.72
4UIM_1	1.34087282764008	-1.23333333333333	853	5.15666666666667
2V17_1	1.56911944492763	-0.95	785	5.36
3RVT_1	1.85539398008288	-1.4	811	5.72
4R7D_1	1.37833833501303	-1.91666666666667	869	5.18666666666667
4UT9_1	0.267819998951254	-0.95	784	5.765
3W11_1	0.834901285203827	-1.4	811	5.72
3G5X_1	1.12117224879342	-1.4	811	5.72
1IGF_1	1.37862196216331	-1.08333333333333	794	5.86833333333333
4QNP_1	0.440161950473343	0.366666666666667	711	5.87666666666667
4KPH_1	1.08698858567052	-1.4	811	5.72
4C83_1	0.397353705940312	-0.516666666666667	768	5.81833333333333
2J4W_1	1.3899746490208	-0.116666666666667	796	5.81166666666667
4AEI_1	0.507837874689357	-1.08333333333333	794	5.86833333333333
4RGM_1	0.162976799354998	-1.03333333333333	826	5.285
2QQK_1	0.999873737335119	-0.516666666666667	768	5.81833333333333
4MHJ_2	0.397157090032291	0.166666666666667	738	5.74833333333333
1YEC_1	0.422832949997593	-1.4	811	5.72
1RZ7_1	0.626416094626693	-0.516666666666667	768	5.81833333333333
1Q9O_1	0.402173375081777	-0.95	784	5.765
5ESV_1	0.211903868729039	-1.48029736616688e-16	780	6.64
3IFO_1	0.238629446767365	-1.4	811	5.72
4QEX_1	0.109995409561032	-0.95	784	5.765
4JY6_1	0.915240126694902	-2.36666666666667	795	6.455
1OAQ_1	1.09603397008021	-1.23333333333333	854	4.75166666666667
3BN9_1	0.620974811276996	-0.516666666666667	768	5.81833333333333
1KCS_1	1.12510234828325	-0.933333333333334	784	5.71166666666667
1KEL_1	1.03993416491646	-0.95	784	5.765
1RZI_1	1.9307782897855	-0.516666666666667	768	5.81833333333333
1L7T_1	0.140000071607123	-0.95	784	5.765
2XQY_1	0.855924474355067	-1.4	811	5.72
4NKO_1	0.176117219085283	-1.4	811	5.72
4JDV_1	0.254144783760162	-0.516666666666667	768	5.81833333333333
3VG9_1	0.820455998210751	-1.4	811	5.72
2AJ3_1	0.879111036616536	-0.35	824	6.62666666666667
1KNO_1	0.719916935905108	-1.03333333333333	826	5.285
5CP7_1	0.628700371785256	-1.4	811	5.72
4EDX_1	0.432973502935801	-1.23333333333333	853	5.15666666666667
1GGI_1	1.77166876818496	-1.4	811	5.72
5CWS_1	0.190356681029324	-0.516666666666667	768	5.81833333333333
3MUG_1	0.526273380147112	-0.333333333333333	768	6.41666666666667
3FO2_1	0.175314398473142	-1.4	811	5.72
1DQJ_1	0.544375821199565	-0.25	841	6.38166666666667
2G5B_1	0.6340500950479	-1.29526019539602e-16	697	5.87166666666667
3S34_1	1.07857692239651	0.166666666666667	752	5.78833333333333
2XKN_1	0.0813611204568878	-0.916666666666667	836	5.305
3QCT_1	1.04238226488112	-0.716666666666667	795	5.69
5ANM_1	1.19040083109871	-0.683333333333333	796	6.67
3J7E_1	0.00320524636338497	-0.25	782	5.72166666666667
1K4C_1	0.558473181944217	-1.03333333333333	811	5.685
4ZS6_1	0.422140627048022	0.333333333333333	739	5.86833333333333
2Q76_1	0.393415828275883	-1.18333333333333	875	5.96
2W9D_1	0.627292103260114	-0.716666666666667	795	5.69
3MA9_1	0.353579553544182	-0.516666666666667	768	5.81833333333333
4FQQ_1	0.82457913785185	-1.46666666666667	811	6.40166666666667
4AT6_3	0.559410861609708	-1.23333333333333	854	4.75166666666667
1OB1_1	0.660066502568113	-0.516666666666667	768	5.81833333333333
3DIF_1	0.102405325371776	-1.4	811	5.72
1C08_1	0.835087244348158	-1.18333333333333	875	5.96
1BQL_1	0.539655410120198	-1.35	834	6.08333333333333
4M5Y_1	0.868605616769966	-1.46666666666667	825	6.44166666666667
4R97_1	1.08287498282781	-0.716666666666667	795	5.69
4S1D_1	1.95483999616337	-1.4	812	5.28
4OAW_1	0.152907598790906	-0.516666666666667	768	5.81833333333333
4KUC_1	0.955917151389441	-1.4	812	5.28
1HZH_1	0.616576368745835	-1.13333333333333	827	6.68666666666667
2VXT_1	0.470446431669255	-1.91666666666667	869	5.18666666666667
2A9M_1	0.127812379126593	-0.516666666666667	768	5.81833333333333
1RZG_1	0.873417589014838	-0.683333333333333	796	6.67
4QF1_1	1.24931696810717	-0.516666666666667	768	5.81833333333333
4D9Q_1	0.724275221862057	-0.516666666666667	768	5.81833333333333
4M7K_1	0.552338784454344	-1.4	811	5.72
4F2M_1	0.0969012061870243	-0.783333333333333	825	5.64166666666667
4JN1_1	0.329901375869367	-1.4	811	5.72
3M8O_1	1.11636698905251	-0.516666666666667	768	5.81833333333333
1FPT_1	0.00163817947734601	-0.716666666666667	795	5.69
1S3K_1	0.749006642139665	-1.08333333333333	794	5.86833333333333
2B2X_1	0.514162089338078	-0.183333333333333	810	5.815
1KC5_1	0.216758634025266	-1.35	800	5.64166666666667
2UUD_1	1.67236976290293	-0.95	784	5.765
4POZ_1	0.656404497420861	-1.3	867	5.87833333333333
4AL8_1	1.28885256148043	-0.716666666666667	796	5.25
4Q5Z_2	1.42375879681233	-0.516666666666667	768	5.81833333333333
1A6T_1	1.92204987444668	-1.4	811	5.72
4NM4_1	0.638231582115535	-1.01666666666667	784	6.44666666666667
3GI8_1	0.651129379960697	-0.716666666666667	795	5.69
3IDX_1	1.03055479292903	-0.516666666666667	768	5.81833333333333
3IYW_1	0.00265160976264292	-0.516666666666667	768	5.81833333333333
4Y5Y_1	0.248705718399276	-0.116666666666667	796	5.81166666666667
1I8M_1	1.42359974968591	-1.4	811	5.72
1E4W_1	0.764432635044123	-1.23333333333333	853	5.15666666666667
4DKF_1	1.54040808118433	-0.516666666666667	768	5.81833333333333
1FJ1_1	0.281219902411792	-0.466666666666667	777	6.14166666666667
1PG7_1	0.0091782460198006	-1.23333333333333	854	4.75166666666667
3SM5_1	0.986238179752531	-0.516666666666667	768	5.81833333333333
4CAD_1	0.202570775470986	-1.4	811	5.72
1NCA_1	0.708653223717002	-0.883333333333333	754	5.81333333333333
3O6K_1	1.51305665687839	-1.08333333333333	794	5.86833333333333
1BEY_1	0.799463412090884	-1.4	811	5.72
3C09_1	0.571147824833903	-1.4	811	5.72
1AJ7_1	0.159502076632253	-1.91666666666667	870	4.74666666666667
4OCX_1	0.981229452835573	-1.35	834	6.08333333333333
4HJ0_1	0.420004457462064	-0.583333333333333	768	6.5
2R29_1	0.00448283217769088	-1.4	812	5.28
2NR6_1	0.925109216039921	-0.883333333333333	754	5.81333333333333
4DN3_1	1.64481027610618	-0.516666666666667	768	5.81833333333333
4OKV_1	0.15597007826022	-1.4	811	5.72
3X2D_1	1.19687773592916	-1.46666666666667	811	6.40166666666667
4NKM_1	0.423377532565892	-1.4	811	5.72
3MME_1	0.147361053199275	-0.333333333333333	768	6.41666666666667
1ETZ_1	1.3599402884899	-1.23333333333333	854	4.75166666666667
1RHH_1	1.33606781415179	-0.516666666666667	768	5.81833333333333
3RA7_1	0.729175583827381	-0.0833333333333334	747	5.94666666666667
4HLZ_1	0.595136031029323	-0.95	784	5.765
1NAK_1	0.262544505213877	-1.11022302462516e-16	772	5.665
4XHJ_1	0.622077897855651	-0.516666666666667	768	5.81833333333333
2GSI_3	1.16218727052937	-0.116666666666667	796	5.81166666666667
3VI3_1	0.839087199389509	-0.716666666666667	795	5.69
3PIQ_2	0.211208552899733	-0.583333333333333	768	6.5
3RKD_1	0.278778262696355	-0.95	784	5.765
1CK0_1	0.270932698006967	-0.516666666666667	768	5.81833333333333
1PKQ_1	0.167870685387594	-1.4	811	5.72
3FO1_1	0.137380948089608	-1.4	811	5.72
1A6U_1	0.888884437377716	-1.23333333333333	854	4.75166666666667
4QHL_1	0.579630984887798	-1.4	811	5.72
2V7H_1	0.750812344224905	-1.23333333333333	853	5.15666666666667
3HMW_1	1.24285613344747	-1.46666666666667	856	5.30666666666667
3HNS_1	0.1881338224279	-1.3	867	5.87833333333333
2X7L_1	0.290696589646318	-0.2	737	5.92666666666667
3PNW_1	0.503894037663531	-0.516666666666667	768	5.81833333333333
2P8M_1	0.405682330457056	-0.95	784	5.765
5D6C_1	0.723680657030781	-0.516666666666667	768	5.81833333333333
1NGP_1	0.0950104026541272	-1.23333333333333	854	4.75166666666667
1FL5_1	0.511469528770044	-0.95	784	5.765
4JZO_1	0.906791542619543	-0.516666666666667	768	5.81833333333333
2XZA_1	0.08881190461025	-1.4	811	5.72
3V0V_1	0.820647451104511	-1.85	768	5.81833333333333
4U1G_1	0.664500769192933	-1.08333333333333	794	5.86833333333333
2ZPK_1	1.97404202185376	-0.35	811	4.85
3CXD_1	1.12227321405173	-0.516666666666667	768	5.81833333333333
1FOR_1	0.660840077386733	-1.4	811	5.72
1KN2_1	0.121703232694536	-1.4	811	5.72
3MXV_1	1.18369250906559	-0.716666666666667	795	5.69
2VC2_1	0.815947549265202	-1.4	812	5.28
1NL0_1	1.12090555469421	-0.683333333333333	796	6.67
4PLJ_1	1.51282281920649	-1.4	811	5.72
3UJT_1	1.5802570838381	-0.716666666666667	795	5.69
3B9K_1	0.311091628383024	-1.4	811	5.72
1TJG_1	0.54507703467109	-0.95	784	5.765
3LMJ_1	1.84498654900584	-0.516666666666667	768	5.81833333333333
1JNL_1	1.33994967267898	-1.4	812	5.28
4S2S_1	0.269325659245458	-0.933333333333333	798	5.75166666666667
1JPS_1	0.33614815197308	-1.4	812	5.28
3H42_1	0.765051353477657	-0.516666666666667	768	5.81833333333333
2BRR_1	0.927760866469373	-0.516666666666667	768	5.81833333333333
3WKM_1	0.97051324956669	-1.4	812	5.28
1TPX_1	0.38490784221984	-7.40148683083438e-17	786	5.705
2OJZ_1	0.345513700183267	-1.4	812	5.315
4DGV_1	0.44528211067592	0.7	753	5.87333333333333
2UYL_1	0.346897762295561	-1.4	811	5.72
1BFO_1	0.243785502027226	-1.61666666666667	779	5.74333333333333
4I9W_1	0.620634855621072	-1.4	811	5.72
2FL5_1	0.53068060103638	-0.95	785	5.36
4G7V_1	0.35323377832818	-0.516666666666667	768	5.81833333333333
4HZL_1	1.35489932424682	-1.08333333333333	794	5.86833333333333
3QEH_1	1.00786383532247	-0.516666666666667	768	5.81833333333333
4ORG_3	0.643291101291243	-0.516666666666667	768	5.81833333333333
4UIK_1	0.182333847489984	-1.23333333333333	853	5.15666666666667
4KI5_1	0.557998337539938	-0.516666666666667	768	5.81833333333333
3FN0_1	1.1744760792796	-1.85	754	5.77833333333333
3NZ8_1	1.55795564306626	-1.4	811	5.72
1M71_1	0.980892740734003	0.166666666666667	752	5.78833333333333
1MHH_1	1.67602707917562	0.366666666666667	711	5.87666666666667
2YK1_1	0.847567886415005	-1.4	811	5.72
1A3L_1	0.262747390047932	-1.56666666666667	845	5.63666666666667
1NJ9_1	1.79198606732879	-1.23333333333333	854	4.75166666666667
4QHM_1	0.680964982421025	-0.116666666666667	782	5.77166666666667
3QPQ_1	1.63962761358626	-1.4	811	5.72
3J2Y_1	0.00358261681596061	-0.933333333333333	784	5.71166666666667
1V7M_1	1.25411895829831	-0.516666666666667	768	5.81833333333333
4RIR_1	1.25847282117904	-0.95	784	5.765
1I9R_1	0.235702835013353	-1.4	811	5.72
1ZA6_1	0.750825111206111	-1.4	811	5.72
5ANY_1	0.00190421066323934	-0.516666666666667	845	4.76666666666667
3V6F_1	1.59220663192431	-1.08333333333333	794	5.86833333333333
1UWG_1	1.07215136408089	-0.4	764	5.79833333333333
3MCL_1	1.48327455660182	-0.716666666666667	795	5.69
4EBQ_1	0.354473568110985	-0.516666666666667	754	5.77833333333333
4JM2_2	1.66503078235539	-0.783333333333333	829	6.55166666666667
4ZPT_1	0.777547826101337	-0.916666666666667	836	5.305
2Y6S_1	0.101862974470609	-0.933333333333333	798	5.75166666666667
3LRS_1	1.85000450567586	-0.333333333333333	768	6.41666666666667
3MCK_1	0.375771392764937	-1.4	811	5.72
1BLN_1	0.696408255587196	-1.08333333333333	794	5.86833333333333
4F58_1	0.470993921411943	-0.516666666666667	768	5.81833333333333
4M6M_1	0.120888389525217	-0.95	784	5.765
3HAE_1	0.0557790059789523	-0.516666666666667	768	5.81833333333333
1YY8_1	0.599459968732276	-1.91666666666667	868	5.62666666666667
3PIQ_1	0.887259195936704	-0.583333333333333	768	6.5
4M61_1	0.179243790856198	-1.4	811	5.72
1DEE_1	1.17651759281832	-0.516666666666667	768	5.81833333333333
5A3I_1	0.880399561372277	-0.95	784	5.765
4LMQ_1	0.348680010657336	-1.4	811	5.72
3MJ8_1	0.45397521424523	-1.4	811	5.72
3U7W_1	0.675157575492195	-1.58333333333333	780	6.72333333333333
2NZ9_1	0.291784077722726	-0.95	784	5.765
1FAI_1	0.370081304496726	-1.23333333333333	853	5.15666666666667
1QBL_1	1.10698416114791	-1.4	812	5.28
1MF2_1	0.497602844833107	0.166666666666667	752	5.78833333333333
4U6H_1	0.183231165995306	-0.716666666666667	795	5.69
1JN6_1	0.31617178938751	-0.483333333333333	807	4.87333333333333
1KFA_1	0.263028166252209	-0.4	778	5.83833333333333
3QQ9_1	1.4582069178714	-1.4	811	5.72
3GJE_1	1.46025832849123	-0.516666666666667	768	5.81833333333333
1FVD_1	1.43950960036327	-0.516666666666667	768	5.81833333333333
4ODX_1	0.930653640311204	-0.516666666666667	768	5.81833333333333
1T4K_1	0.32801622919072	-0.516666666666667	768	5.81833333333333
4QTH_1	1.23696946960276	-1.45	842	5.17833333333333
4U6V_1	0.0353383684965795	-1.08333333333333	794	5.86833333333333
4YZF_1	1.19339642848109	-1.4	811	5.72
1A3R_1	1.82712856724698	-1.08333333333333	781	5.38833333333333
3PP3_1	1.15722595366434	-1.4	811	5.72
1EHL_1	0.844015381946325	-1.4	811	5.72
3HI5_1	0.749781548143414	-0.516666666666667	768	5.81833333333333
3BZ4_1	1.02957415367339	-0.516666666666667	768	5.81833333333333
1I7Z_1	0.200828932458695	-0.516666666666667	768	5.81833333333333
2AJS_1	1.01253955335183	-1.4	811	5.72
1AHW_1	0.325886309320188	-1.48333333333333	941	5.26666666666667
3U0T_1	0.129689747630642	-0.516666666666667	768	5.81833333333333
2R56_1	1.13389027135984	-0.683333333333333	796	6.67
4CNI_1	0.429393421302659	-0.516666666666667	768	5.81833333333333
2W60_1	1.74365326744539	-0.933333333333333	798	5.75166666666667
2R4R_1	0.723834172426254	-1.56666666666667	845	5.63666666666667
3AAZ_1	0.724116234807988	-1.4	811	5.72
4RGN_1	0.153546323502065	-1.55	874	6.13833333333333
2LTQ_1	0.100606445720442	-1.08333333333333	794	5.86833333333333
4Q2Z_1	0.691440830449361	-0.516666666666667	768	5.81833333333333
1U6A_1	0.536124252607859	-0.95	784	5.765
1AIF_1	1.77570302033814	-1.03333333333333	840	5.36
2ADG_1	0.0995053164827551	-1.08333333333333	794	5.86833333333333
1AY1_1	0.584172731743363	-1.4	811	5.72
1UA6_1	0.858780478644283	-1.18333333333333	875	5.96
4OII_1	0.00574948523783198	-1.56666666666667	845	5.63666666666667
1AFV_1	0.238492975158599	-0.716666666666667	795	5.69
4HIX_1	0.0443044824820222	-0.95	784	5.765
1ORS_1	0.617997708871426	-1.4	811	5.72
3P0V_1	1.05521634280476	-0.516666666666667	768	5.81833333333333
4OZ4_1	0.146439693063389	-1.4	811	5.72
1ZVO_1	0.000438406204334135	-1.4	811	5.72
1KEN_1	0.264509554958792	-0.716666666666667	795	5.69
3EO0_1	1.37195922727888	-0.516666666666667	768	5.81833333333333
3MLW_1	0.504816966117917	-0.95	784	5.765
2IPU_1	0.663942838008162	-1.4	811	5.72
1XGY_1	0.341255389454877	-1.4	811	5.72
4JHA_1	0.814346595621299	-1.41666666666667	752	5.87166666666667
1DBA_1	0.990152172842874	1.45	723	5.84
3V7A_1	0.0234886730574533	-1.4	811	5.72
3Q6F_1	0.549676890440556	-0.583333333333333	768	6.5
1EZV_1	0.794432334797935	-1.23333333333333	853	5.15666666666667
4F33_1	0.216028950834603	-0.95	770	5.725
3GK8_1	0.000837678538184297	-1.4	811	5.72
2A1W_1	1.33106866112822	-0.2	737	5.92666666666667
4PY7_1	0.576331864259934	-0.516666666666667	768	5.81833333333333
2IQA_1	0.990573868948954	-1.4	811	5.72
4HIE_1	0.758204338723848	-0.516666666666667	768	5.81833333333333
4FFZ_1	0.0134555349392011	-0.933333333333334	784	5.71166666666667
4NYL_1	0.3979496973555	-0.516666666666667	768	5.81833333333333
3HZK_1	0.349505583249157	-0.95	784	5.765
2ARJ_1	0.507079707817718	-1.08333333333333	780	5.82833333333333
3G6A_1	1.88575994017858	-0.516666666666667	768	5.81833333333333
1CGS_1	1.63544135347078	-0.883333333333333	837	6.58166666666667
2H9G_1	0.625495344929119	-0.516666666666667	768	5.81833333333333
1A2Y_1	1.53725954218698	-1.4	811	5.72
1N5Y_1	0.778909638520605	-1.91666666666667	883	5.26166666666667
1GAF_1	1.56377654608899	-1.91666666666667	870	4.74666666666667
4DVB_1	0.295318620999422	-0.95	784	5.765
4EVN_1	0.0901241204204156	-1.48333333333333	752	6.55333333333333
4O58_1	1.20607907078848	-0.466666666666667	777	6.14166666666667
3J8W_1	0.00140198011754809	-0.933333333333333	798	5.75166666666667
4FFW_1	0.171669263016124	-0.316666666666667	798	5.63333333333333
1C5D_1	0.663883464972958	-1.08333333333333	780	5.82833333333333
3QUM_1	0.572238183490493	-1.4	811	5.72
1I8I_1	0.315947330649427	-0.95	784	5.765
5CHN_1	0.104505432511898	-0.516666666666667	768	5.81833333333333
2Z91_1	0.266251127254576	-1.4	811	5.72
4ZYK_2	0.545213362083981	-0.516666666666667	768	5.81833333333333
3LS4_1	0.410490335721194	-0.2	737	5.92666666666667
1ZA3_1	0.251440100322124	-0.516666666666667	768	5.81833333333333
3DGG_1	1.92167652206621	-1.4	811	5.72
3LRS_3	0.127390236378226	-0.333333333333333	768	6.41666666666667
4DKE_1	0.232649444718875	-0.516666666666667	768	5.81833333333333
1YED_1	0.0956531627182308	-1.4	811	5.72
3U36_1	0.20308088504091	-0.583333333333333	768	6.5
1F3D_1	0.504802823982294	-1.4	811	5.72
1CZ8_1	0.364284443104558	-0.516666666666667	768	5.81833333333333
3B2U_1	0.838061235444558	-1.4	811	5.72
2VQ1_1	1.18125652620441	-0.716666666666667	795	5.69
4ODT_1	0.812252779377025	-0.35	810	5.255
3INU_1	0.212269920178297	-0.516666666666667	768	5.81833333333333
4M48_1	0.585999907647276	-0.95	784	5.765
4QCI_1	0.540774053048035	-0.516666666666667	768	5.81833333333333
4WHY_1	1.30819025154001	-1.56666666666667	853	6.61166666666667
1BBJ_1	0.00155351359826355	-1.4	811	5.72
2O5X_1	0.394601651922966	0.166666666666667	752	5.78833333333333
2GFB_1	0.46591611079525	-1.03333333333333	826	5.285
4OTX_1	0.236938754453551	-0.933333333333333	798	5.75166666666667
3BAE_1	0.427578444758678	-1.4	811	5.72
4J1U_1	1.48466331808949	-1.4	811	5.72
4G6K_1	0.193008331458776	-0.716666666666667	795	5.69
1C5B_1	0.110247139575137	-1.91666666666667	869	5.18666666666667
2FJH_1	0.0211340074761033	-0.516666666666667	768	5.81833333333333
1MFB_1	0.385821534239602	-1.23333333333333	854	4.75166666666667
4JLR_1	0.264025893920466	-1.4	811	5.72
2VL5_1	1.03832669698318	-0.95	784	5.765
4OGX_1	0.310453818066391	-0.516666666666667	768	5.81833333333333
1YNT_1	0.0348264231870018	-1.23333333333333	853	5.15666666666667
3TT1_1	0.100624123389972	-1.4	812	5.28
4Z5R_1	0.838621536834789	-1.4	811	5.72
4GMS_1	1.43551668537917	-0.716666666666667	796	5.285
3NFP_1	1.92618433772169	-1.4	811	5.72
5CGY_1	1.73183249345325	-0.466666666666667	764	6.21
4XTR_1	1.29946161579828	-0.516666666666667	768	5.81833333333333
2QR0_1	0.43196531283457	-0.516666666666667	768	5.81833333333333
4WV1_1	0.000257386868355222	-0.516666666666667	768	5.81833333333333
1F4W_1	1.81990587719283	-1.08333333333333	865	5.75166666666667
4MHJ_1	1.47300666280163	0.166666666666667	738	5.74833333333333
4QXT_1	0.899392536970136	-0.516666666666667	768	5.81833333333333
1FVE_1	0.455248073649963	-0.516666666666667	768	5.81833333333333
2J6E_1	0.925793695404115	-1.4	811	5.72
4Q6I_1	0.333750622815273	-0.116666666666667	797	5.40666666666667
1LO0_1	0.457196486479245	-1.08333333333333	794	5.86833333333333
4QHK_3	0.259081803306407	-1.4	811	5.72
3EFF_1	0.464682999431334	-0.516666666666667	768	5.81833333333333
1P2C_1	0.252841585962439	-1.18333333333333	875	5.96
1UZ6_1	1.78977646951285	-0.933333333333333	798	5.75166666666667
4HC1_1	0.308489475428255	-1.4	811	5.72
4XXD_1	0.383841602458618	-1.08333333333333	794	5.86833333333333
1G9M_1	0.167967559016618	-0.516666666666667	768	5.81833333333333
4K23_1	1.05037530364746	-1.4	811	5.72
3IXX_1	0.00426117280413206	-0.0666666666666667	727	5.82333333333333
2V7N_1	0.704070715006668	-0.516666666666667	768	5.81833333333333
1GIG_1	0.745394448426414	-1.23333333333333	854	4.75166666666667
4Y5X_1	0.60163042836418	-0.683333333333333	796	6.67
1T04_1	0.992078525784294	-1.4	811	5.72
1IGY_1	0.403284917620907	-2.23333333333333	857	5.58333333333333
2GJZ_1	0.215979893351983	-1.4	811	5.72
1BJ1_1	0.282260056486924	-0.516666666666667	768	5.81833333333333
1MRD_1	0.50425430038457	-0.716666666666667	795	5.69
4D9L_1	1.214783936349	-0.516666666666667	768	5.81833333333333
1NCW_1	0.767520297049329	-1.4	811	5.72
3OPZ_2	0.170795279034578	-1.35	820	6.04333333333333
3IFP_1	0.197077755444393	-1.4	811	5.72
2VXS_1	0.911155326996448	-0.516666666666667	768	5.81833333333333
4NRX_2	0.728962037579459	-0.95	784	5.765
2A6D_1	1.58965586032511	-1.23333333333333	853	5.15666666666667
1DLF_1	1.42230123155481	0.166666666666667	752	5.78833333333333
1NGW_1	0.685219655203131	0.166666666666667	738	5.74833333333333
4UT6_1	0.000674579869252052	-0.516666666666667	768	5.81833333333333
3PJS_1	0.516396546766628	-0.516666666666667	768	5.81833333333333
1UB5_1	1.12162055449269	-1.08333333333333	794	5.86833333333333
3EO9_1	0.78093317940961	-1.4	811	5.72
3Q3G_1	0.907691754977427	-1.4	812	5.28
4RGN_2	0.0554795980518963	-1.4	811	5.72
1I9I_1	0.689519621324879	-0.95	784	5.765
1MIM_1	0.88143637373754	-1.4	811	5.72
5DK3_1	0.081214749353185	-1.4	811	5.72
1T66_1	0.227991025244418	-0.266666666666667	768	5.735
4R8W_1	0.52358980592904	-1.41666666666667	752	5.87166666666667
2DQF_1	1.99651811800056	-1.18333333333333	875	5.96
1GGB_1	1.9762658726806	-1.4	811	5.72
3O2V_1	0.100276226853628	0.166666666666667	752	5.78833333333333
1A4J_1	0.802862474388053	1.05	695	5.84666666666667
3DVN_1	0.416703683007484	-0.516666666666667	768	5.81833333333333
2ZCH_1	0.190778852039041	-0.95	784	5.765
1W72_1	0.665098981529819	-0.516666666666667	768	5.81833333333333
1NCB_1	0.945536823841624	-0.883333333333333	754	5.81333333333333
1NC2_1	0.834627395423202	-0.766666666666667	841	4.78333333333333
3LD8_1	0.132834251486578	0.5	780	5.745
3KDM_1	1.18809566299204	-0.516666666666667	768	5.81833333333333
1DN0_1	0.805748490031266	-1.4	811	5.72
1FE8_1	1.18542936028386	-1.18333333333333	876	5.52
4QHK_1	1.25622257293224	-1.4	811	5.72
1D5I_1	0.927919258388356	-1.4	811	5.72
4NCC_1	0.0560247773801914	-0.933333333333333	798	5.75166666666667
1IND_1	0.798028692431862	-0.733333333333333	836	5.12
1UYW_1	0.41023153463928	-0.9	773	5.68666666666667
1Q0X_1	0.332669698917712	-1.23333333333333	854	4.75166666666667
2DD8_1	0.970417888467298	-0.516666666666667	768	5.81833333333333
3TNN_1	1.52579698699902	-0.516666666666667	768	5.81833333333333
2G2R_1	0.61628527910417	-0.666666666666667	804	6.01333333333333
3MLX_1	0.697579071271495	-1.4	811	5.72
4IOF_1	1.88601641998419	-0.516666666666667	768	5.81833333333333
4XMK_1	0.81305081106759	-0.516666666666667	768	5.81833333333333
4YK4_1	0.436404385038123	-1.46666666666667	811	6.40166666666667
3WLW_1	1.59704945567772	-0.516666666666667	768	5.81833333333333
1D5B_1	0.539518938511427	-1.4	811	5.72
43CA_1	1.13651595350908	-0.716666666666667	795	5.69
4HG4_1	0.905787267283312	-0.516666666666667	768	5.81833333333333
3V4P_1	1.24374623431336	-1.35	820	6.04333333333333
4N90_1	0.700168485983432	-1.4	811	5.72
3IFL_1	1.06521111102354	-1.4	811	5.72
1ACY_1	1.05599114570365	-0.95	784	5.765
3CFD_1	0.225727643347022	-1.23333333333333	853	5.15666666666667
2I9L_1	0.682963598282515	-1.4	811	5.72
4UTB_1	0.344848906116868	-0.516666666666667	768	5.81833333333333
3IF1_1	0.13752873340688	0.166666666666666	752	5.78833333333333
1MCP_1	0.345054674190196	-0.0666666666666667	727	5.82333333333333
3CSY_1	0.436876897998357	-0.516666666666667	768	5.81833333333333
3LHP_1	0.523333971396854	-0.516666666666667	768	5.81833333333333
1OTS_1	1.69558053726026	-0.05	741	5.81
1L7I_1	0.786082466595796	-1.4	811	5.72
4DGI_1	0.832288462054035	-1.91666666666667	868	5.62666666666667
4LLW_1	0.721779246896168	-1.56666666666667	839	6.57166666666667
4OLU_1	0.195773118973214	-1.41666666666667	752	5.87166666666667
1Q1J_1	1.00326634840112	0.0999999999999999	752	6.47
4HDI_1	1.90590167688472	-0.4	778	5.83833333333333
1CF8_1	0.491832830707072	-0.716666666666667	795	5.69
15C8_1	0.56744265795497	-1.4	812	5.28
4MXV_1	1.17216515445585	-1.4	811	5.72
2FJF_1	1.32138712495238	-0.516666666666667	768	5.81833333333333
2FB4_1	1.51512689243657	-0.516666666666667	768	5.81833333333333
1F11_1	0.161716027964145	-1.4	811	5.72
1R24_1	0.96494124813094	-0.35	810	5.255
1UWX_1	0.0327574287452484	-0.516666666666667	768	5.81833333333333
4XWG_1	1.52167946282037	-1.56666666666667	854	6.20666666666667
4HCR_1	0.266562285944579	-0.516666666666667	768	5.81833333333333
3UO1_1	0.376667136785582	1.38333333333333	737	5.84333333333333
4ZTO_1	0.3083943165208	-0.2	737	5.92666666666667
4ODV_1	0.940317210321246	-0.916666666666667	836	5.305
1Q9K_1	0.659540461160634	-0.95	784	5.765
2DQT_1	0.762069484181395	0.7	753	5.87333333333333
1HEZ_1	1.48468665261327	-0.516666666666667	768	5.81833333333333
4OUU_1	0.433741064730904	-0.183333333333333	810	5.815
3J5M_1	1.9642996309485	-1.18333333333333	812	7.29833333333333
2OSL_1	1.44848784645586	-0.516666666666667	754	5.77833333333333
3J8V_1	0.00241878859142339	-1.71666666666667	785	6.04166666666667
5BO1_1	0.836812085166376	-0.516666666666667	768	5.81833333333333
3U30_1	0.99377847688129	-0.516666666666667	768	5.81833333333333
3UBX_1	0.128455139190692	-0.516666666666667	768	5.81833333333333
4YPG_1	0.00878085200877725	-0.516666666666667	768	5.81833333333333
1MHP_1	0.618455389815629	-0.183333333333333	810	5.815
3L5X_1	0.642552312932313	-1.4	811	5.72
1J05_1	0.358826285860583	-0.116666666666667	796	5.81166666666667
3CVH_1	1.42440408712076	-1.4	811	5.72
4FQQ_2	0.344312919176725	-1.46666666666667	811	6.40166666666667
3G6J_1	1.27555699365023	-0.516666666666667	768	5.81833333333333
3NGB_1	0.681917068478786	-1.58333333333333	780	6.72333333333333
4FNL_1	0.40288634462036	-0.516666666666667	768	5.81833333333333
2A9N_1	0.364569407137381	-0.516666666666667	768	5.81833333333333
4GXU_1	1.30570487013763	-0.516666666666667	768	5.81833333333333
2QAD_1	0.201374111786995	-0.683333333333333	796	6.67
3OKD_1	1.25789848600006	-0.95	784	5.765
2LTQ_2	0.0136365542751851	-1.08333333333333	794	5.86833333333333
