HIGHpdb	SD	HYDRO	MW	PI
1CBV_1	6.31136289276037	0.166666666666667	752	5.78833333333333
12E8_1	5.700474316835	0.566666666666667	780	5.78166666666667
4MWF_1	3.63839885071229	0.166666666666667	752	5.78833333333333
2RCJ_1	59.2176569370778	-0.516666666666667	768	5.81833333333333
4FQC_1	4.0669593002267	-0.9	779	6.04833333333333
1OCW_1	6.15257711529746	-1.23333333333333	854	4.75166666666667
4R4F_1	3.24538183066099	-1.35	834	6.08333333333333
4JAM_1	5.09396653340665	0.166666666666667	783	6.66833333333333
1OAX_1	34.6803038980325	-1.4	895	6.08333333333333
4R4N_1	3.20868305251454	-1.35	834	6.08333333333333
3SKJ_1	5.39770527104176	-0.516666666666667	768	5.81833333333333
1FN4_1	4.52830192722372	-1.3	748	5.85166666666667
1OM3_1	10.5948039020082	-0.516666666666667	711	6.24833333333333
3ZTJ_1	3.29955117512392	-0.516666666666667	768	5.81833333333333
4HH9_1	3.97285037796748	-0.516666666666667	768	5.81833333333333
4UIF_1	4.61721071375209	-0.683333333333333	796	6.67
3J42_1	8.36006397827387	-1.35	814	5.68166666666667
3W9D_1	3.53165008330912	-0.516666666666667	768	5.81833333333333
2OR9_1	4.00456136942768	-0.4	778	5.83833333333333
4M7J_1	3.44701853622632	-1.4	811	5.72
3R06_1	4.20896046985482	-0.516666666666667	768	5.81833333333333
4TPR_1	3.89171773375202	-0.516666666666667	768	5.81833333333333
1CR9_1	3.29073495249952	-0.516666666666667	768	5.81833333333333
1E6J_1	3.81586073247989	-1.4	811	5.72
1AD9_1	4.1802300283982	-1.4	811	5.72
