PDB	SD	Hydrophobic	Hydrophilic	Amphipathic	Glycines
3RVT_1	1.85539398008288	16.6666666666667	50	16.6666666666667	16.6666666666667
1IGI_1	0.913739668754911	33.3333333333333	50	0	16.6666666666667
4LU5_1	0.0561322576109317	33.3333333333333	33.3333333333333	16.6666666666667	16.6666666666667
4ODX_1	0.930653640311204	33.3333333333333	33.3333333333333	16.6666666666667	16.6666666666667
4YK4_1	0.436404385038123	16.6666666666667	33.3333333333333	33.3333333333333	16.6666666666667
4XHJ_1	0.622077897855651	33.3333333333333	33.3333333333333	16.6666666666667	16.6666666666667
1A2Y_1	1.53725954218698	16.6666666666667	50	16.6666666666667	16.6666666666667
1NC2_1	0.834627395423202	33.3333333333333	66.6666666666667	0	0
3LS4_1	0.410490335721194	50	16.6666666666667	16.6666666666667	16.6666666666667
1TZG_1	1.04420001922197	33.3333333333333	33.3333333333333	16.6666666666667	16.6666666666667
5A3I_1	0.880399561372277	16.6666666666667	50	16.6666666666667	16.6666666666667
2GSI_3	1.16218727052937	33.3333333333333	33.3333333333333	16.6666666666667	16.6666666666667
4QHK_1	1.25622257293224	16.6666666666667	50	16.6666666666667	16.6666666666667
3NA9_1	1.24298358676385	33.3333333333333	33.3333333333333	16.6666666666667	16.6666666666667
3M8O_1	1.11636698905251	33.3333333333333	33.3333333333333	16.6666666666667	16.6666666666667
3LEX_1	0.197571291517768	16.6666666666667	50	16.6666666666667	16.6666666666667
1MJJ_1	0.955794551937286	16.6666666666667	50	16.6666666666667	16.6666666666667
1ORS_1	0.617997708871426	16.6666666666667	50	16.6666666666667	16.6666666666667
2ARJ_1	0.507079707817718	33.3333333333333	33.3333333333333	16.6666666666667	16.6666666666667
3MUG_1	0.526273380147112	33.3333333333333	33.3333333333333	16.6666666666667	16.6666666666667
3WKM_1	0.97051324956669	16.6666666666667	50	16.6666666666667	16.6666666666667
2NTF_1	1.90594192979229	33.3333333333333	66.6666666666667	0	0
4HCR_1	0.266562285944579	33.3333333333333	33.3333333333333	16.6666666666667	16.6666666666667
1CLY_1	0.154586977396225	33.3333333333333	33.3333333333333	16.6666666666667	16.6666666666667
3KDM_1	1.18809566299204	33.3333333333333	33.3333333333333	16.6666666666667	16.6666666666667
3J5M_1	1.9642996309485	16.6666666666667	33.3333333333333	33.3333333333333	16.6666666666667
5CWS_1	0.190356681029324	33.3333333333333	33.3333333333333	16.6666666666667	16.6666666666667
4Z5R_1	0.838621536834789	16.6666666666667	50	16.6666666666667	16.6666666666667
1NL0_1	1.12090555469421	33.3333333333333	33.3333333333333	16.6666666666667	16.6666666666667
5D6C_1	0.723680657030781	33.3333333333333	33.3333333333333	16.6666666666667	16.6666666666667
3UAJ_1	0.62348311443829	16.6666666666667	50	16.6666666666667	16.6666666666667
4LMQ_1	0.348680010657336	16.6666666666667	50	16.6666666666667	16.6666666666667
1FVD_1	1.43950960036327	33.3333333333333	33.3333333333333	16.6666666666667	16.6666666666667
4TTD_1	0.0436044467686514	33.3333333333333	16.6666666666667	33.3333333333333	16.6666666666667
3GK8_1	0.000837678538184297	16.6666666666667	50	16.6666666666667	16.6666666666667
1GAF_1	1.56377654608899	16.6666666666667	66.6666666666667	16.6666666666667	0
1ACY_1	1.05599114570365	16.6666666666667	50	16.6666666666667	16.6666666666667
4N8C_1	0.631208060614326	33.3333333333333	50	0	16.6666666666667
2J4W_1	1.3899746490208	33.3333333333333	33.3333333333333	16.6666666666667	16.6666666666667
1DN0_1	0.805748490031266	16.6666666666667	50	16.6666666666667	16.6666666666667
4UTB_1	0.344848906116868	33.3333333333333	33.3333333333333	16.6666666666667	16.6666666666667
3QCT_1	1.04238226488112	33.3333333333333	50	0	16.6666666666667
2VL5_1	1.03832669698318	16.6666666666667	50	16.6666666666667	16.6666666666667
1TET_1	1.19234466764019	33.3333333333333	33.3333333333333	16.6666666666667	16.6666666666667
3IDX_1	1.03055479292903	33.3333333333333	33.3333333333333	16.6666666666667	16.6666666666667
3WLW_1	1.59704945567772	33.3333333333333	33.3333333333333	16.6666666666667	16.6666666666667
1JNL_1	1.33994967267898	16.6666666666667	50	16.6666666666667	16.6666666666667
4IOF_1	1.88601641998419	33.3333333333333	33.3333333333333	16.6666666666667	16.6666666666667
2LTQ_2	0.0136365542751851	33.3333333333333	33.3333333333333	16.6666666666667	16.6666666666667
4J8R_1	0.818467613942055	33.3333333333333	50	0	16.6666666666667
1CK0_1	0.270932698006967	33.3333333333333	33.3333333333333	16.6666666666667	16.6666666666667
3OPZ_2	0.170795279034578	16.6666666666667	50	16.6666666666667	16.6666666666667
1KNO_1	0.719916935905108	33.3333333333333	50	16.6666666666667	0
1P2C_1	0.252841585962439	33.3333333333333	66.6666666666667	0	0
2R4R_1	0.723834172426254	16.6666666666667	50	16.6666666666667	16.6666666666667
3PIQ_1	0.887259195936704	33.3333333333333	16.6666666666667	33.3333333333333	16.6666666666667
2Q76_1	0.393415828275883	33.3333333333333	66.6666666666667	0	0
4IMK_1	1.60226578240253	33.3333333333333	33.3333333333333	16.6666666666667	16.6666666666667
2VWE_1	0.132731721003308	33.3333333333333	66.6666666666667	0	0
2AJS_1	1.01253955335183	16.6666666666667	50	16.6666666666667	16.6666666666667
2J6E_1	0.925793695404115	16.6666666666667	50	16.6666666666667	16.6666666666667
1CT8_1	0.311733681340338	33.3333333333333	66.6666666666667	0	0
4GMS_1	1.43551668537917	33.3333333333333	50	0	16.6666666666667
3PIQ_2	0.211208552899733	33.3333333333333	16.6666666666667	33.3333333333333	16.6666666666667
1BQL_1	0.539655410120198	16.6666666666667	50	16.6666666666667	16.6666666666667
4OCX_1	0.981229452835573	16.6666666666667	50	16.6666666666667	16.6666666666667
3W11_1	0.834901285203827	16.6666666666667	50	16.6666666666667	16.6666666666667
4OKV_1	0.15597007826022	16.6666666666667	50	16.6666666666667	16.6666666666667
4QCI_1	0.540774053048035	33.3333333333333	33.3333333333333	16.6666666666667	16.6666666666667
3HMW_1	1.24285613344747	16.6666666666667	66.6666666666667	16.6666666666667	0
4PP1_1	0.0554576777416847	33.3333333333333	66.6666666666667	0	0
1ZA6_1	0.750825111206111	16.6666666666667	50	16.6666666666667	16.6666666666667
4YGV_1	0.550081699608793	16.6666666666667	50	16.6666666666667	16.6666666666667
4PLJ_1	1.51282281920649	16.6666666666667	50	16.6666666666667	16.6666666666667
2VC2_1	0.815947549265202	16.6666666666667	50	16.6666666666667	16.6666666666667
2VXT_1	0.470446431669255	16.6666666666667	66.6666666666667	16.6666666666667	0
3KS0_1	0.236852487426248	33.3333333333333	66.6666666666667	0	0
1GGB_1	1.9762658726806	16.6666666666667	50	16.6666666666667	16.6666666666667
4NRZ_1	0.0725661263124874	16.6666666666667	50	16.6666666666667	16.6666666666667
4IML_1	1.07108646126842	33.3333333333333	33.3333333333333	16.6666666666667	16.6666666666667
2B2X_1	0.514162089338078	33.3333333333333	33.3333333333333	16.6666666666667	16.6666666666667
1IND_1	0.798028692431862	33.3333333333333	66.6666666666667	0	0
3HC0_1	0.0273063425690824	33.3333333333333	50	0	16.6666666666667
1FJ1_1	0.281219902411792	33.3333333333333	33.3333333333333	16.6666666666667	16.6666666666667
3V6F_1	1.59220663192431	33.3333333333333	33.3333333333333	16.6666666666667	16.6666666666667
1TZH_1	0.352165339981802	33.3333333333333	33.3333333333333	16.6666666666667	16.6666666666667
3RKD_1	0.278778262696355	16.6666666666667	50	16.6666666666667	16.6666666666667
3J2X_1	0.00291153749270596	16.6666666666667	50	16.6666666666667	16.6666666666667
3QPQ_1	1.63962761358626	16.6666666666667	50	16.6666666666667	16.6666666666667
2V7H_1	0.750812344224905	33.3333333333333	66.6666666666667	0	0
4U6V_1	0.0353383684965795	33.3333333333333	33.3333333333333	16.6666666666667	16.6666666666667
1Q72_1	0.517298929545287	16.6666666666667	50	16.6666666666667	16.6666666666667
4WHY_1	1.30819025154001	16.6666666666667	50	16.6666666666667	16.6666666666667
1FAI_1	0.370081304496726	33.3333333333333	66.6666666666667	0	0
4RDQ_1	0.139477041353408	33.3333333333333	50	0	16.6666666666667
4G80_1	0.24577127991878	33.3333333333333	33.3333333333333	16.6666666666667	16.6666666666667
2P8M_1	0.405682330457056	16.6666666666667	50	16.6666666666667	16.6666666666667
1K4C_1	0.558473181944217	33.3333333333333	50	16.6666666666667	0
1NMC_1	0.000297691954881581	33.3333333333333	66.6666666666667	0	0
2GJZ_1	0.215979893351983	16.6666666666667	50	16.6666666666667	16.6666666666667
4NNP_1	0.772963171252354	33.3333333333333	33.3333333333333	16.6666666666667	16.6666666666667
4MXV_1	1.17216515445585	16.6666666666667	50	16.6666666666667	16.6666666666667
4R7N_1	0.988127317950728	16.6666666666667	66.6666666666667	16.6666666666667	0
2XQY_1	0.855924474355067	16.6666666666667	50	16.6666666666667	16.6666666666667
3CVH_1	1.42440408712076	16.6666666666667	50	16.6666666666667	16.6666666666667
3QQ9_1	1.4582069178714	16.6666666666667	50	16.6666666666667	16.6666666666667
2AJ3_1	0.879111036616536	33.3333333333333	33.3333333333333	16.6666666666667	16.6666666666667
1FVE_1	0.455248073649963	33.3333333333333	33.3333333333333	16.6666666666667	16.6666666666667
1GIG_1	0.745394448426414	33.3333333333333	66.6666666666667	0	0
1YNT_1	0.0348264231870018	33.3333333333333	66.6666666666667	0	0
3S96_1	0.521313767323	66.6666666666667	33.3333333333333	0	0
4AT6_3	0.559410861609708	33.3333333333333	66.6666666666667	0	0
1L7T_1	0.140000071607123	16.6666666666667	50	16.6666666666667	16.6666666666667
1FE8_1	1.18542936028386	33.3333333333333	66.6666666666667	0	0
1MIM_1	0.88143637373754	16.6666666666667	50	16.6666666666667	16.6666666666667
3OKD_1	1.25789848600006	16.6666666666667	50	16.6666666666667	16.6666666666667
1C5B_1	0.110247139575137	16.6666666666667	66.6666666666667	16.6666666666667	0
1E4W_1	0.764432635044123	33.3333333333333	66.6666666666667	0	0
4F58_1	0.470993921411943	33.3333333333333	33.3333333333333	16.6666666666667	16.6666666666667
3LRS_3	0.127390236378226	33.3333333333333	33.3333333333333	16.6666666666667	16.6666666666667
2H9G_1	0.625495344929119	33.3333333333333	33.3333333333333	16.6666666666667	16.6666666666667
1BJ1_1	0.282260056486924	33.3333333333333	33.3333333333333	16.6666666666667	16.6666666666667
3QEH_1	1.00786383532247	33.3333333333333	33.3333333333333	16.6666666666667	16.6666666666667
5BO1_1	0.836812085166376	33.3333333333333	33.3333333333333	16.6666666666667	16.6666666666667
4NCO_1	0.00755530081024822	16.6666666666667	33.3333333333333	33.3333333333333	16.6666666666667
3EFF_1	0.464682999431334	33.3333333333333	33.3333333333333	16.6666666666667	16.6666666666667
1AFV_1	0.238492975158599	33.3333333333333	50	0	16.6666666666667
4QHL_1	0.579630984887798	16.6666666666667	50	16.6666666666667	16.6666666666667
4MHJ_2	0.397157090032291	50	33.3333333333333	0	16.6666666666667
3GJE_1	1.46025832849123	33.3333333333333	33.3333333333333	16.6666666666667	16.6666666666667
1LO0_1	0.457196486479245	33.3333333333333	33.3333333333333	16.6666666666667	16.6666666666667
2V7N_1	0.704070715006668	33.3333333333333	33.3333333333333	16.6666666666667	16.6666666666667
2G5B_1	0.6340500950479	33.3333333333333	16.6666666666667	16.6666666666667	33.3333333333333
3Q3G_1	0.907691754977427	16.6666666666667	50	16.6666666666667	16.6666666666667
5CHN_1	0.104505432511898	33.3333333333333	33.3333333333333	16.6666666666667	16.6666666666667
1AP2_1	0.892806456954978	50	16.6666666666667	16.6666666666667	16.6666666666667
3V7A_1	0.0234886730574533	16.6666666666667	50	16.6666666666667	16.6666666666667
1JPS_1	0.33614815197308	16.6666666666667	50	16.6666666666667	16.6666666666667
1PG7_1	0.0091782460198006	33.3333333333333	66.6666666666667	0	0
1I9R_1	0.235702835013353	16.6666666666667	50	16.6666666666667	16.6666666666667
4G6F_1	0.713772925269362	33.3333333333333	16.6666666666667	33.3333333333333	16.6666666666667
1Q9O_1	0.402173375081777	16.6666666666667	50	16.6666666666667	16.6666666666667
1AJ7_1	0.159502076632253	16.6666666666667	66.6666666666667	16.6666666666667	0
4KUC_1	0.955917151389441	16.6666666666667	50	16.6666666666667	16.6666666666667
1J05_1	0.358826285860583	33.3333333333333	33.3333333333333	16.6666666666667	16.6666666666667
4M48_1	0.585999907647276	16.6666666666667	50	16.6666666666667	16.6666666666667
1XGY_1	0.341255389454877	16.6666666666667	50	16.6666666666667	16.6666666666667
4LF3_1	0.308894647613872	33.3333333333333	33.3333333333333	16.6666666666667	16.6666666666667
3RA7_1	0.729175583827381	66.6666666666667	16.6666666666667	0	16.6666666666667
4QEX_1	0.109995409561032	16.6666666666667	50	16.6666666666667	16.6666666666667
1FOR_1	0.660840077386733	16.6666666666667	50	16.6666666666667	16.6666666666667
1NGP_1	0.0950104026541272	33.3333333333333	66.6666666666667	0	0
1HEZ_1	1.48468665261327	33.3333333333333	33.3333333333333	16.6666666666667	16.6666666666667
1FSK_1	0.0654852368572491	16.6666666666667	83.3333333333333	0	0
3NCY_1	0.230825109223413	16.6666666666667	50	16.6666666666667	16.6666666666667
4OZ4_1	0.146439693063389	16.6666666666667	50	16.6666666666667	16.6666666666667
4DGV_1	0.44528211067592	50	16.6666666666667	16.6666666666667	16.6666666666667
1MHP_1	0.618455389815629	33.3333333333333	33.3333333333333	16.6666666666667	16.6666666666667
1C5D_1	0.663883464972958	33.3333333333333	33.3333333333333	16.6666666666667	16.6666666666667
4YDV_1	0.162190496614319	16.6666666666667	50	16.6666666666667	16.6666666666667
2ADG_1	0.0995053164827551	33.3333333333333	33.3333333333333	16.6666666666667	16.6666666666667
4JR9_1	0.306915323990728	16.6666666666667	33.3333333333333	16.6666666666667	33.3333333333333
2Z91_1	0.266251127254576	16.6666666666667	50	16.6666666666667	16.6666666666667
3WIH_1	1.38442402718411	33.3333333333333	66.6666666666667	0	0
1HIL_1	0.800655312209444	33.3333333333333	33.3333333333333	16.6666666666667	16.6666666666667
3IF1_1	0.13752873340688	50	33.3333333333333	0	16.6666666666667
3IFP_1	0.197077755444393	16.6666666666667	50	16.6666666666667	16.6666666666667
3MJ8_1	0.45397521424523	16.6666666666667	50	16.6666666666667	16.6666666666667
3NZ8_1	1.55795564306626	16.6666666666667	50	16.6666666666667	16.6666666666667
3U36_1	0.20308088504091	33.3333333333333	16.6666666666667	33.3333333333333	16.6666666666667
3PNW_1	0.503894037663531	33.3333333333333	33.3333333333333	16.6666666666667	16.6666666666667
2VXS_1	0.911155326996448	33.3333333333333	33.3333333333333	16.6666666666667	16.6666666666667
4ZTO_1	0.3083943165208	50	16.6666666666667	16.6666666666667	16.6666666666667
1TJG_1	0.54507703467109	16.6666666666667	50	16.6666666666667	16.6666666666667
4OTX_1	0.236938754453551	16.6666666666667	50	16.6666666666667	16.6666666666667
3V6O_1	0.40788888987321	33.3333333333333	50	0	16.6666666666667
2DQT_1	0.762069484181395	50	16.6666666666667	16.6666666666667	16.6666666666667
1JGU_1	0.512223909650846	66.6666666666667	16.6666666666667	0	16.6666666666667
1PKQ_1	0.167870685387594	16.6666666666667	50	16.6666666666667	16.6666666666667
2O5X_1	0.394601651922966	50	33.3333333333333	0	16.6666666666667
3S34_1	1.07857692239651	50	33.3333333333333	0	16.6666666666667
3DIF_1	0.102405325371776	16.6666666666667	50	16.6666666666667	16.6666666666667
1I8I_1	0.315947330649427	16.6666666666667	50	16.6666666666667	16.6666666666667
1F11_1	0.161716027964145	16.6666666666667	50	16.6666666666667	16.6666666666667
1ZVO_1	0.000438406204334135	16.6666666666667	50	16.6666666666667	16.6666666666667
4UT9_1	0.267819998951254	16.6666666666667	50	16.6666666666667	16.6666666666667
2QQK_1	0.999873737335119	33.3333333333333	33.3333333333333	16.6666666666667	16.6666666666667
2A9N_1	0.364569407137381	33.3333333333333	33.3333333333333	16.6666666666667	16.6666666666667
3NFP_1	1.92618433772169	16.6666666666667	50	16.6666666666667	16.6666666666667
2A9M_1	0.127812379126593	33.3333333333333	33.3333333333333	16.6666666666667	16.6666666666667
1Z3G_1	0.64022650050158	16.6666666666667	50	16.6666666666667	16.6666666666667
4QHK_3	0.259081803306407	16.6666666666667	50	16.6666666666667	16.6666666666667
4HJ0_1	0.420004457462064	33.3333333333333	16.6666666666667	33.3333333333333	16.6666666666667
2FJH_1	0.0211340074761033	33.3333333333333	33.3333333333333	16.6666666666667	16.6666666666667
3L95_1	1.91435725977415	33.3333333333333	33.3333333333333	16.6666666666667	16.6666666666667
3LRS_1	1.85000450567586	33.3333333333333	33.3333333333333	16.6666666666667	16.6666666666667
4Q2Z_1	0.691440830449361	33.3333333333333	33.3333333333333	16.6666666666667	16.6666666666667
2LTQ_1	0.100606445720442	33.3333333333333	33.3333333333333	16.6666666666667	16.6666666666667
3O6K_1	1.51305665687839	33.3333333333333	33.3333333333333	16.6666666666667	16.6666666666667
4U1G_1	0.664500769192933	33.3333333333333	33.3333333333333	16.6666666666667	16.6666666666667
3U30_1	0.99377847688129	33.3333333333333	33.3333333333333	16.6666666666667	16.6666666666667
3MME_1	0.147361053199275	33.3333333333333	33.3333333333333	16.6666666666667	16.6666666666667
4FQK_1	0.243079269741376	50	16.6666666666667	16.6666666666667	16.6666666666667
1OTS_1	1.69558053726026	33.3333333333333	33.3333333333333	16.6666666666667	16.6666666666667
1RZ7_1	0.626416094626693	33.3333333333333	33.3333333333333	16.6666666666667	16.6666666666667
3U46_1	1.3823888259771	33.3333333333333	33.3333333333333	0	33.3333333333333
3IET_1	0.0826317913426774	50	33.3333333333333	0	16.6666666666667
4DKF_1	1.54040808118433	33.3333333333333	33.3333333333333	16.6666666666667	16.6666666666667
4KI5_1	0.557998337539938	33.3333333333333	33.3333333333333	16.6666666666667	16.6666666666667
1WC7_1	0.497942444357043	16.6666666666667	50	16.6666666666667	16.6666666666667
4FQQ_1	0.82457913785185	16.6666666666667	33.3333333333333	33.3333333333333	16.6666666666667
4RGN_1	0.153546323502065	33.3333333333333	50	16.6666666666667	0
1JN6_1	0.31617178938751	33.3333333333333	66.6666666666667	0	0
1KN2_1	0.121703232694536	16.6666666666667	50	16.6666666666667	16.6666666666667
5CSZ_1	0.646648444288316	33.3333333333333	33.3333333333333	16.6666666666667	16.6666666666667
1L7I_1	0.786082466595796	16.6666666666667	50	16.6666666666667	16.6666666666667
4R97_1	1.08287498282781	33.3333333333333	50	0	16.6666666666667
1CF8_1	0.491832830707072	33.3333333333333	50	0	16.6666666666667
1F3D_1	0.504802823982294	16.6666666666667	50	16.6666666666667	16.6666666666667
2NZ9_1	0.291784077722726	16.6666666666667	50	16.6666666666667	16.6666666666667
3ZKM_1	0.205815308618146	16.6666666666667	50	16.6666666666667	16.6666666666667
3DUS_1	1.18053842136912	16.6666666666667	50	16.6666666666667	16.6666666666667
2A1W_1	1.33106866112822	50	16.6666666666667	16.6666666666667	16.6666666666667
3CSY_1	0.436876897998357	33.3333333333333	33.3333333333333	16.6666666666667	16.6666666666667
3VG9_1	0.820455998210751	16.6666666666667	50	16.6666666666667	16.6666666666667
4M6M_1	0.120888389525217	16.6666666666667	50	16.6666666666667	16.6666666666667
1RZ8_1	0.821988342225397	33.3333333333333	33.3333333333333	16.6666666666667	16.6666666666667
4PTT_1	0.275803464467907	33.3333333333333	33.3333333333333	16.6666666666667	16.6666666666667
4JO3_1	0.339018554518162	50	16.6666666666667	16.6666666666667	16.6666666666667
2C1O_1	1.18529088777003	16.6666666666667	50	16.6666666666667	16.6666666666667
3U9U_1	0.450286305366374	16.6666666666667	50	16.6666666666667	16.6666666666667
1OB1_1	0.660066502568113	33.3333333333333	33.3333333333333	16.6666666666667	16.6666666666667
4CAD_1	0.202570775470986	16.6666666666667	50	16.6666666666667	16.6666666666667
4N90_1	0.700168485983432	16.6666666666667	50	16.6666666666667	16.6666666666667
1YED_1	0.0956531627182308	16.6666666666667	50	16.6666666666667	16.6666666666667
3X2D_1	1.19687773592916	16.6666666666667	33.3333333333333	33.3333333333333	16.6666666666667
4G7V_1	0.35323377832818	33.3333333333333	33.3333333333333	16.6666666666667	16.6666666666667
4LVH_1	0.239238070884074	33.3333333333333	50	0	16.6666666666667
1T4K_1	0.32801622919072	33.3333333333333	33.3333333333333	16.6666666666667	16.6666666666667
4C83_1	0.397353705940312	33.3333333333333	33.3333333333333	16.6666666666667	16.6666666666667
1RZG_1	0.873417589014838	33.3333333333333	33.3333333333333	16.6666666666667	16.6666666666667
3BN9_1	0.620974811276996	33.3333333333333	33.3333333333333	16.6666666666667	16.6666666666667
1GPO_1	0.29030622455004	33.3333333333333	66.6666666666667	0	0
3CMO_1	0.977372185344202	16.6666666666667	66.6666666666667	16.6666666666667	0
3I02_1	0.00251588592746044	16.6666666666667	50	16.6666666666667	16.6666666666667
3P0V_1	1.05521634280476	33.3333333333333	33.3333333333333	16.6666666666667	16.6666666666667
4HIX_1	0.0443044824820222	16.6666666666667	50	16.6666666666667	16.6666666666667
4JZJ_1	0.245250794666399	16.6666666666667	50	16.6666666666667	16.6666666666667
3O0R_1	0.39940665179263	16.6666666666667	50	16.6666666666667	16.6666666666667
3UBX_1	0.128455139190692	33.3333333333333	33.3333333333333	16.6666666666667	16.6666666666667
2XZA_1	0.08881190461025	16.6666666666667	50	16.6666666666667	16.6666666666667
1AIF_1	1.77570302033814	33.3333333333333	50	16.6666666666667	0
4NKM_1	0.423377532565892	16.6666666666667	50	16.6666666666667	16.6666666666667
2GFB_1	0.46591611079525	33.3333333333333	50	16.6666666666667	0
1KCS_1	1.12510234828325	16.6666666666667	50	16.6666666666667	16.6666666666667
1MRD_1	0.50425430038457	33.3333333333333	50	0	16.6666666666667
3W14_1	0.0613408061611551	16.6666666666667	66.6666666666667	16.6666666666667	0
4K2U_1	0.256893307818638	33.3333333333333	66.6666666666667	0	0
3BZ4_1	1.02957415367339	33.3333333333333	33.3333333333333	16.6666666666667	16.6666666666667
1TPX_1	0.38490784221984	50	33.3333333333333	0	16.6666666666667
5CP7_1	0.628700371785256	16.6666666666667	50	16.6666666666667	16.6666666666667
1FL3_1	1.25899725994162	33.3333333333333	33.3333333333333	16.6666666666667	16.6666666666667
1UWX_1	0.0327574287452484	33.3333333333333	33.3333333333333	16.6666666666667	16.6666666666667
2BRR_1	0.927760866469373	33.3333333333333	33.3333333333333	16.6666666666667	16.6666666666667
1QBL_1	1.10698416114791	16.6666666666667	50	16.6666666666667	16.6666666666667
4FQQ_2	0.344312919176725	16.6666666666667	33.3333333333333	33.3333333333333	16.6666666666667
1IGY_1	0.403284917620907	16.6666666666667	83.3333333333333	0	0
1D5B_1	0.539518938511427	16.6666666666667	50	16.6666666666667	16.6666666666667
4XTR_1	1.29946161579828	33.3333333333333	33.3333333333333	16.6666666666667	16.6666666666667
2FL5_1	0.53068060103638	16.6666666666667	50	16.6666666666667	16.6666666666667
3BAE_1	0.427578444758678	16.6666666666667	50	16.6666666666667	16.6666666666667
1I8M_1	1.42359974968591	16.6666666666667	50	16.6666666666667	16.6666666666667
3EO0_1	1.37195922727888	33.3333333333333	33.3333333333333	16.6666666666667	16.6666666666667
1ZA3_1	0.251440100322124	33.3333333333333	33.3333333333333	16.6666666666667	16.6666666666667
5CGY_1	1.73183249345325	33.3333333333333	16.6666666666667	33.3333333333333	16.6666666666667
1DQJ_1	0.544375821199565	50	50	0	0
4YDJ_1	1.46427813669467	33.3333333333333	50	16.6666666666667	0
3RHW_1	0.7971158884836	33.3333333333333	66.6666666666667	0	0
5ANM_1	1.19040083109871	33.3333333333333	33.3333333333333	16.6666666666667	16.6666666666667
4NYL_1	0.3979496973555	33.3333333333333	33.3333333333333	16.6666666666667	16.6666666666667
1UWG_1	1.07215136408089	50	33.3333333333333	0	16.6666666666667
4HZL_1	1.35489932424682	33.3333333333333	33.3333333333333	16.6666666666667	16.6666666666667
1I7Z_1	0.200828932458695	33.3333333333333	33.3333333333333	16.6666666666667	16.6666666666667
1V7M_1	1.25411895829831	33.3333333333333	33.3333333333333	16.6666666666667	16.6666666666667
4J1U_1	1.48466331808949	16.6666666666667	50	16.6666666666667	16.6666666666667
1KEL_1	1.03993416491646	16.6666666666667	50	16.6666666666667	16.6666666666667
3HI5_1	0.749781548143414	33.3333333333333	33.3333333333333	16.6666666666667	16.6666666666667
1W72_1	0.665098981529819	33.3333333333333	33.3333333333333	16.6666666666667	16.6666666666667
4FFV_1	0.898519879746965	33.3333333333333	50	0	16.6666666666667
1DEE_1	1.17651759281832	33.3333333333333	33.3333333333333	16.6666666666667	16.6666666666667
3G6A_1	1.88575994017858	33.3333333333333	33.3333333333333	16.6666666666667	16.6666666666667
3G5X_1	1.12117224879342	16.6666666666667	50	16.6666666666667	16.6666666666667
3DVN_1	0.416703683007484	33.3333333333333	33.3333333333333	16.6666666666667	16.6666666666667
3UO1_1	0.376667136785582	66.6666666666667	16.6666666666667	0	16.6666666666667
4GXU_1	1.30570487013763	33.3333333333333	33.3333333333333	16.6666666666667	16.6666666666667
1UA6_1	0.858780478644283	33.3333333333333	66.6666666666667	0	0
1F58_1	0.471498907656564	16.6666666666667	50	16.6666666666667	16.6666666666667
2QR0_1	0.43196531283457	33.3333333333333	33.3333333333333	16.6666666666667	16.6666666666667
1NCB_1	0.945536823841624	16.6666666666667	33.3333333333333	16.6666666666667	33.3333333333333
2W9D_1	0.627292103260114	33.3333333333333	50	0	16.6666666666667
3C09_1	0.571147824833903	16.6666666666667	50	16.6666666666667	16.6666666666667
2FJF_1	1.32138712495238	33.3333333333333	33.3333333333333	16.6666666666667	16.6666666666667
1YUH_1	0.63185718463946	33.3333333333333	66.6666666666667	0	0
4O51_1	0.39549663677152	50	16.6666666666667	16.6666666666667	16.6666666666667
4ODV_1	0.940317210321246	50	50	0	0
3BSZ_1	0.639698998842815	16.6666666666667	50	16.6666666666667	16.6666666666667
2B0S_1	0.802119223829601	16.6666666666667	50	16.6666666666667	16.6666666666667
4Y5X_1	0.60163042836418	33.3333333333333	33.3333333333333	16.6666666666667	16.6666666666667
3H42_1	0.765051353477657	33.3333333333333	33.3333333333333	16.6666666666667	16.6666666666667
1BLN_1	0.696408255587196	33.3333333333333	33.3333333333333	16.6666666666667	16.6666666666667
1LK3_1	0.729321954931084	33.3333333333333	50	0	16.6666666666667
1G9M_1	0.167967559016618	33.3333333333333	33.3333333333333	16.6666666666667	16.6666666666667
1RZI_1	1.9307782897855	33.3333333333333	33.3333333333333	16.6666666666667	16.6666666666667
4QXT_1	0.899392536970136	33.3333333333333	33.3333333333333	16.6666666666667	16.6666666666667
3V0V_1	0.820647451104511	16.6666666666667	50	16.6666666666667	16.6666666666667
4YPG_1	0.00878085200877725	33.3333333333333	33.3333333333333	16.6666666666667	16.6666666666667
4M7K_1	0.552338784454344	16.6666666666667	50	16.6666666666667	16.6666666666667
3MCL_1	1.48327455660182	33.3333333333333	50	0	16.6666666666667
4LVN_1	1.30800117409141	33.3333333333333	33.3333333333333	16.6666666666667	16.6666666666667
1T66_1	0.227991025244418	33.3333333333333	50	0	16.6666666666667
3IJH_1	0.460709558443976	16.6666666666667	50	16.6666666666667	16.6666666666667
3B9K_1	0.311091628383024	16.6666666666667	50	16.6666666666667	16.6666666666667
4DVB_1	0.295318620999422	16.6666666666667	50	16.6666666666667	16.6666666666667
3IYW_1	0.00265160976264292	33.3333333333333	33.3333333333333	16.6666666666667	16.6666666666667
3MLW_1	0.504816966117917	16.6666666666667	50	16.6666666666667	16.6666666666667
4OAW_1	0.152907598790906	33.3333333333333	33.3333333333333	16.6666666666667	16.6666666666667
3H3P_1	0.204418913586779	33.3333333333333	33.3333333333333	16.6666666666667	16.6666666666667
4CNI_1	0.429393421302659	33.3333333333333	33.3333333333333	16.6666666666667	16.6666666666667
4ZPT_1	0.777547826101337	50	50	0	0
1UZ6_1	1.78977646951285	16.6666666666667	50	16.6666666666667	16.6666666666667
4JHA_1	0.814346595621299	33.3333333333333	33.3333333333333	16.6666666666667	16.6666666666667
8FAB_1	1.18415849243439	16.6666666666667	33.3333333333333	16.6666666666667	33.3333333333333
3VRL_1	0.492089751163343	16.6666666666667	50	16.6666666666667	16.6666666666667
3LHP_1	0.523333971396854	33.3333333333333	33.3333333333333	16.6666666666667	16.6666666666667
3J2Y_1	0.00358261681596061	16.6666666666667	50	16.6666666666667	16.6666666666667
4OII_1	0.00574948523783198	16.6666666666667	50	16.6666666666667	16.6666666666667
3INU_1	0.212269920178297	33.3333333333333	33.3333333333333	16.6666666666667	16.6666666666667
3J8W_1	0.00140198011754809	16.6666666666667	50	16.6666666666667	16.6666666666667
3FO1_1	0.137380948089608	16.6666666666667	50	16.6666666666667	16.6666666666667
4F2M_1	0.0969012061870243	33.3333333333333	66.6666666666667	0	0
4UT6_1	0.000674579869252052	33.3333333333333	33.3333333333333	16.6666666666667	16.6666666666667
1R24_1	0.96494124813094	50	50	0	0
3DGG_1	1.92167652206621	16.6666666666667	50	16.6666666666667	16.6666666666667
1A4J_1	0.802862474388053	66.6666666666667	16.6666666666667	0	16.6666666666667
3GI8_1	0.651129379960697	33.3333333333333	50	0	16.6666666666667
3MXV_1	1.18369250906559	33.3333333333333	50	0	16.6666666666667
1F8T_1	0.711854935546796	16.6666666666667	50	16.6666666666667	16.6666666666667
1NCW_1	0.767520297049329	16.6666666666667	50	16.6666666666667	16.6666666666667
1NGW_1	0.685219655203131	50	33.3333333333333	0	16.6666666666667
4DKE_1	0.232649444718875	33.3333333333333	33.3333333333333	16.6666666666667	16.6666666666667
4UU9_1	0.904611604666886	33.3333333333333	33.3333333333333	16.6666666666667	16.6666666666667
3IXT_1	0.614717726736929	16.6666666666667	50	16.6666666666667	16.6666666666667
3HZK_1	0.349505583249157	16.6666666666667	50	16.6666666666667	16.6666666666667
4POZ_1	0.656404497420861	33.3333333333333	50	16.6666666666667	0
4U6H_1	0.183231165995306	33.3333333333333	50	0	16.6666666666667
3CFD_1	0.225727643347022	33.3333333333333	66.6666666666667	0	0
2OSL_1	1.44848784645586	33.3333333333333	33.3333333333333	16.6666666666667	16.6666666666667
2XKN_1	0.0813611204568878	50	50	0	0
4OLU_1	0.195773118973214	33.3333333333333	33.3333333333333	16.6666666666667	16.6666666666667
5ESV_1	0.211903868729039	50	33.3333333333333	0	16.6666666666667
1NCA_1	0.708653223717002	16.6666666666667	33.3333333333333	16.6666666666667	33.3333333333333
3WE6_1	1.01475240369692	16.6666666666667	50	16.6666666666667	16.6666666666667
3HR5_1	1.31928777431992	33.3333333333333	33.3333333333333	16.6666666666667	16.6666666666667
1D5I_1	0.927919258388356	16.6666666666667	50	16.6666666666667	16.6666666666667
4NCC_1	0.0560247773801914	16.6666666666667	50	16.6666666666667	16.6666666666667
5CUS_1	1.38680212097533	33.3333333333333	33.3333333333333	16.6666666666667	16.6666666666667
2IQA_1	0.990573868948954	16.6666666666667	50	16.6666666666667	16.6666666666667
2WUB_1	0.791807250049109	33.3333333333333	33.3333333333333	16.6666666666667	16.6666666666667
1FBI_1	0.130306344743837	33.3333333333333	50	16.6666666666667	0
4UIM_1	1.34087282764008	33.3333333333333	66.6666666666667	0	0
4M61_1	0.179243790856198	16.6666666666667	50	16.6666666666667	16.6666666666667
4G6K_1	0.193008331458776	33.3333333333333	50	0	16.6666666666667
15C8_1	0.56744265795497	16.6666666666667	50	16.6666666666667	16.6666666666667
3MAC_1	0.485910345002555	33.3333333333333	33.3333333333333	16.6666666666667	16.6666666666667
4OUU_1	0.433741064730904	33.3333333333333	33.3333333333333	16.6666666666667	16.6666666666667
1BFV_1	1.39267715616375	50	33.3333333333333	0	16.6666666666667
4HG4_1	0.905787267283312	33.3333333333333	33.3333333333333	16.6666666666667	16.6666666666667
4NM4_1	0.638231582115535	16.6666666666667	33.3333333333333	33.3333333333333	16.6666666666667
4FNL_1	0.40288634462036	33.3333333333333	33.3333333333333	16.6666666666667	16.6666666666667
4YAQ_1	1.66696534577432	33.3333333333333	16.6666666666667	33.3333333333333	16.6666666666667
4EDX_1	0.432973502935801	33.3333333333333	66.6666666666667	0	0
4FFZ_1	0.0134555349392011	16.6666666666667	50	16.6666666666667	16.6666666666667
1MLB_1	0.918754173937188	33.3333333333333	66.6666666666667	0	0
4JY6_1	0.915240126694902	16.6666666666667	33.3333333333333	33.3333333333333	16.6666666666667
3FN0_1	1.1744760792796	16.6666666666667	50	16.6666666666667	16.6666666666667
2IPU_1	0.663942838008162	16.6666666666667	50	16.6666666666667	16.6666666666667
3LMJ_1	1.84498654900584	33.3333333333333	33.3333333333333	16.6666666666667	16.6666666666667
4ORG_3	0.643291101291243	33.3333333333333	33.3333333333333	16.6666666666667	16.6666666666667
5DO2_1	0.273249394774259	50	50	0	0
4KPH_1	1.08698858567052	16.6666666666667	50	16.6666666666667	16.6666666666667
3V4P_1	1.24374623431336	16.6666666666667	50	16.6666666666667	16.6666666666667
3TT1_1	0.100624123389972	16.6666666666667	50	16.6666666666667	16.6666666666667
3NGB_1	0.681917068478786	33.3333333333333	33.3333333333333	16.6666666666667	16.6666666666667
4JM2_2	1.66503078235539	33.3333333333333	0	50	16.6666666666667
4OGX_1	0.310453818066391	33.3333333333333	33.3333333333333	16.6666666666667	16.6666666666667
2QAD_1	0.201374111786995	33.3333333333333	33.3333333333333	16.6666666666667	16.6666666666667
4WV1_1	0.000257386868355222	33.3333333333333	33.3333333333333	16.6666666666667	16.6666666666667
2XA8_1	0.524676039123427	16.6666666666667	50	16.6666666666667	16.6666666666667
4ZS6_1	0.422140627048022	33.3333333333333	16.6666666666667	16.6666666666667	33.3333333333333
3L5X_1	0.642552312932313	16.6666666666667	50	16.6666666666667	16.6666666666667
3Q6F_1	0.549676890440556	33.3333333333333	16.6666666666667	33.3333333333333	16.6666666666667
3U7W_1	0.675157575492195	33.3333333333333	33.3333333333333	16.6666666666667	16.6666666666667
1DLF_1	1.42230123155481	50	33.3333333333333	0	16.6666666666667
3SM5_1	0.986238179752531	33.3333333333333	33.3333333333333	16.6666666666667	16.6666666666667
2I9L_1	0.682963598282515	16.6666666666667	50	16.6666666666667	16.6666666666667
1HZH_1	0.616576368745835	16.6666666666667	33.3333333333333	33.3333333333333	16.6666666666667
4R8W_1	0.52358980592904	33.3333333333333	33.3333333333333	16.6666666666667	16.6666666666667
4Q6I_1	0.333750622815273	33.3333333333333	33.3333333333333	16.6666666666667	16.6666666666667
2GSG_1	1.71340599784231	66.6666666666667	33.3333333333333	0	0
4I9W_1	0.620634855621072	16.6666666666667	50	16.6666666666667	16.6666666666667
1ETZ_1	1.3599402884899	33.3333333333333	66.6666666666667	0	0
1RHH_1	1.33606781415179	33.3333333333333	33.3333333333333	16.6666666666667	16.6666666666667
4NRX_2	0.728962037579459	16.6666666666667	50	16.6666666666667	16.6666666666667
2Y6S_1	0.101862974470609	16.6666666666667	50	16.6666666666667	16.6666666666667
3J8V_1	0.00241878859142339	16.6666666666667	66.6666666666667	0	16.6666666666667
4QHM_1	0.680964982421025	33.3333333333333	33.3333333333333	16.6666666666667	16.6666666666667
3J8Z_1	0.00157282304577803	33.3333333333333	50	0	16.6666666666667
4QTH_1	1.23696946960276	16.6666666666667	66.6666666666667	16.6666666666667	0
3BGF_1	1.66137213113514	16.6666666666667	66.6666666666667	16.6666666666667	0
3UJT_1	1.5802570838381	33.3333333333333	50	0	16.6666666666667
3IFL_1	1.06521111102354	16.6666666666667	50	16.6666666666667	16.6666666666667
1EHL_1	0.844015381946325	16.6666666666667	50	16.6666666666667	16.6666666666667
4F33_1	0.216028950834603	16.6666666666667	50	16.6666666666667	16.6666666666667
4HDI_1	1.90590167688472	50	33.3333333333333	0	16.6666666666667
1BVK_1	0.776048823508117	16.6666666666667	50	16.6666666666667	16.6666666666667
1S3K_1	0.749006642139665	33.3333333333333	33.3333333333333	16.6666666666667	16.6666666666667
5DUR_1	0.0442804408514622	16.6666666666667	50	16.6666666666667	16.6666666666667
5DLM_1	0.229231290538618	33.3333333333333	33.3333333333333	16.6666666666667	16.6666666666667
4LLW_1	0.721779246896168	16.6666666666667	50	16.6666666666667	16.6666666666667
2X7L_1	0.290696589646318	50	16.6666666666667	16.6666666666667	16.6666666666667
3U2S_1	0.249518256914532	33.3333333333333	16.6666666666667	33.3333333333333	16.6666666666667
4JDV_1	0.254144783760162	33.3333333333333	33.3333333333333	16.6666666666667	16.6666666666667
1AXT_1	1.30729109929656	50	33.3333333333333	0	16.6666666666667
4RGM_1	0.162976799354998	33.3333333333333	50	16.6666666666667	0
4AEI_1	0.507837874689357	33.3333333333333	33.3333333333333	16.6666666666667	16.6666666666667
2ZPK_1	1.97404202185376	50	50	0	0
4HC1_1	0.308489475428255	16.6666666666667	50	16.6666666666667	16.6666666666667
1FL5_1	0.511469528770044	16.6666666666667	50	16.6666666666667	16.6666666666667
1OAQ_1	1.09603397008021	33.3333333333333	66.6666666666667	0	0
3IFO_1	0.238629446767365	16.6666666666667	50	16.6666666666667	16.6666666666667
2DQF_1	1.99651811800056	33.3333333333333	66.6666666666667	0	0
3QUM_1	0.572238183490493	16.6666666666667	50	16.6666666666667	16.6666666666667
2G2R_1	0.61628527910417	33.3333333333333	50	0	16.6666666666667
1Q0X_1	0.332669698917712	33.3333333333333	66.6666666666667	0	0
3MA9_1	0.353579553544182	33.3333333333333	33.3333333333333	16.6666666666667	16.6666666666667
3FO2_1	0.175314398473142	16.6666666666667	50	16.6666666666667	16.6666666666667
1IGT_1	1.84491088858026	33.3333333333333	33.3333333333333	16.6666666666667	16.6666666666667
4QHU_1	0.264848259106985	33.3333333333333	33.3333333333333	16.6666666666667	16.6666666666667
4RGN_2	0.0554795980518963	16.6666666666667	50	16.6666666666667	16.6666666666667
3PJS_1	0.516396546766628	33.3333333333333	33.3333333333333	16.6666666666667	16.6666666666667
1M71_1	0.980892740734003	50	33.3333333333333	0	16.6666666666667
1F4W_1	1.81990587719283	50	50	0	0
4AL8_1	1.28885256148043	33.3333333333333	50	0	16.6666666666667
1MCP_1	0.345054674190196	33.3333333333333	33.3333333333333	16.6666666666667	16.6666666666667
3J7E_1	0.00320524636338497	33.3333333333333	50	0	16.6666666666667
1DBA_1	0.990152172842874	66.6666666666667	16.6666666666667	0	16.6666666666667
4JZO_1	0.906791542619543	33.3333333333333	33.3333333333333	16.6666666666667	16.6666666666667
1MFB_1	0.385821534239602	33.3333333333333	66.6666666666667	0	0
1GGI_1	1.77166876818496	16.6666666666667	50	16.6666666666667	16.6666666666667
4JN1_1	0.329901375869367	16.6666666666667	50	16.6666666666667	16.6666666666667
3MCK_1	0.375771392764937	16.6666666666667	50	16.6666666666667	16.6666666666667
2DD8_1	0.970417888467298	33.3333333333333	33.3333333333333	16.6666666666667	16.6666666666667
2A6D_1	1.58965586032511	33.3333333333333	66.6666666666667	0	0
1T04_1	0.992078525784294	16.6666666666667	50	16.6666666666667	16.6666666666667
3TNN_1	1.52579698699902	33.3333333333333	33.3333333333333	16.6666666666667	16.6666666666667
1AHW_1	0.325886309320188	16.6666666666667	50	33.3333333333333	0
3VI3_1	0.839087199389509	33.3333333333333	50	0	16.6666666666667
4YZF_1	1.19339642848109	16.6666666666667	50	16.6666666666667	16.6666666666667
4FFW_1	0.171669263016124	33.3333333333333	66.6666666666667	0	0
3A6B_1	0.00304089159622724	33.3333333333333	66.6666666666667	0	0
1A3R_1	1.82712856724698	33.3333333333333	33.3333333333333	16.6666666666667	16.6666666666667
4XXD_1	0.383841602458618	33.3333333333333	33.3333333333333	16.6666666666667	16.6666666666667
43CA_1	1.13651595350908	33.3333333333333	50	0	16.6666666666667
3U0T_1	0.129689747630642	33.3333333333333	33.3333333333333	16.6666666666667	16.6666666666667
1AXS_1	0.545885727969234	16.6666666666667	50	16.6666666666667	16.6666666666667
1AD0_1	0.0250549145777812	16.6666666666667	50	16.6666666666667	16.6666666666667
4XMK_1	0.81305081106759	33.3333333333333	33.3333333333333	16.6666666666667	16.6666666666667
1Q9K_1	0.659540461160634	16.6666666666667	50	16.6666666666667	16.6666666666667
4UIK_1	0.182333847489984	33.3333333333333	66.6666666666667	0	0
4K8R_2	1.19282832867852	33.3333333333333	33.3333333333333	16.6666666666667	16.6666666666667
2R29_1	0.00448283217769088	16.6666666666667	50	16.6666666666667	16.6666666666667
1BEY_1	0.799463412090884	16.6666666666667	50	16.6666666666667	16.6666666666667
2UUD_1	1.67236976290293	16.6666666666667	50	16.6666666666667	16.6666666666667
4ODT_1	0.812252779377025	50	50	0	0
4Q5Z_2	1.42375879681233	33.3333333333333	33.3333333333333	16.6666666666667	16.6666666666667
3LD8_1	0.132834251486578	50	33.3333333333333	0	16.6666666666667
1U6A_1	0.536124252607859	16.6666666666667	50	16.6666666666667	16.6666666666667
1N5Y_1	0.778909638520605	16.6666666666667	66.6666666666667	16.6666666666667	0
1CGS_1	1.63544135347078	33.3333333333333	50	0	16.6666666666667
2VQ1_1	1.18125652620441	33.3333333333333	50	0	16.6666666666667
4S1D_1	1.95483999616337	16.6666666666667	50	16.6666666666667	16.6666666666667
4QNP_1	0.440161950473343	50	16.6666666666667	16.6666666666667	16.6666666666667
1FPT_1	0.00163817947734601	33.3333333333333	50	0	16.6666666666667
4EBQ_1	0.354473568110985	33.3333333333333	33.3333333333333	16.6666666666667	16.6666666666667
4DN3_1	1.64481027610618	33.3333333333333	33.3333333333333	16.6666666666667	16.6666666666667
1A6T_1	1.92204987444668	16.6666666666667	50	16.6666666666667	16.6666666666667
2ZCH_1	0.190778852039041	16.6666666666667	50	16.6666666666667	16.6666666666667
1BFO_1	0.243785502027226	33.3333333333333	50	0	16.6666666666667
3EO9_1	0.78093317940961	16.6666666666667	50	16.6666666666667	16.6666666666667
1BBJ_1	0.00155351359826355	16.6666666666667	50	16.6666666666667	16.6666666666667
1Q1J_1	1.00326634840112	50	16.6666666666667	16.6666666666667	16.6666666666667
1IGF_1	1.37862196216331	33.3333333333333	33.3333333333333	16.6666666666667	16.6666666666667
4QF1_1	1.24931696810717	33.3333333333333	33.3333333333333	16.6666666666667	16.6666666666667
1KC5_1	0.216758634025266	33.3333333333333	66.6666666666667	0	0
4HFW_1	1.41418527810185	33.3333333333333	16.6666666666667	33.3333333333333	16.6666666666667
1EZV_1	0.794432334797935	33.3333333333333	66.6666666666667	0	0
1YY8_1	0.599459968732276	16.6666666666667	66.6666666666667	16.6666666666667	0
4D9Q_1	0.724275221862057	33.3333333333333	33.3333333333333	16.6666666666667	16.6666666666667
3O2V_1	0.100276226853628	50	33.3333333333333	0	16.6666666666667
3O41_1	0.702036427674756	16.6666666666667	50	16.6666666666667	16.6666666666667
2YK1_1	0.847567886415005	16.6666666666667	50	16.6666666666667	16.6666666666667
4RIR_1	1.25847282117904	16.6666666666667	50	16.6666666666667	16.6666666666667
1MF2_1	0.497602844833107	50	33.3333333333333	0	16.6666666666667
1C08_1	0.835087244348158	33.3333333333333	66.6666666666667	0	0
1YEC_1	0.422832949997593	16.6666666666667	50	16.6666666666667	16.6666666666667
2W60_1	1.74365326744539	16.6666666666667	50	16.6666666666667	16.6666666666667
3G6J_1	1.27555699365023	33.3333333333333	33.3333333333333	16.6666666666667	16.6666666666667
4MHJ_1	1.47300666280163	50	33.3333333333333	0	16.6666666666667
4MHH_1	0.723324066596248	50	33.3333333333333	0	16.6666666666667
2FB4_1	1.51512689243657	33.3333333333333	33.3333333333333	16.6666666666667	16.6666666666667
1CZ8_1	0.364284443104558	33.3333333333333	33.3333333333333	16.6666666666667	16.6666666666667
4EVN_1	0.0901241204204156	33.3333333333333	16.6666666666667	33.3333333333333	16.6666666666667
3QUM_2	1.73141883598626	33.3333333333333	33.3333333333333	16.6666666666667	16.6666666666667
2R56_1	1.13389027135984	33.3333333333333	33.3333333333333	16.6666666666667	16.6666666666667
1I9I_1	0.689519621324879	16.6666666666667	50	16.6666666666667	16.6666666666667
4PY7_1	0.576331864259934	33.3333333333333	33.3333333333333	16.6666666666667	16.6666666666667
1A6U_1	0.888884437377716	33.3333333333333	66.6666666666667	0	0
2UYL_1	0.346897762295561	16.6666666666667	50	16.6666666666667	16.6666666666667
4XWG_1	1.52167946282037	16.6666666666667	50	16.6666666666667	16.6666666666667
3NH7_1	0.522566011348727	33.3333333333333	33.3333333333333	16.6666666666667	16.6666666666667
4NKO_1	0.176117219085283	16.6666666666667	50	16.6666666666667	16.6666666666667
3AAZ_1	0.724116234807988	16.6666666666667	50	16.6666666666667	16.6666666666667
4HIE_1	0.758204338723848	33.3333333333333	33.3333333333333	16.6666666666667	16.6666666666667
4ZYK_2	0.545213362083981	33.3333333333333	33.3333333333333	16.6666666666667	16.6666666666667
4HLZ_1	0.595136031029323	16.6666666666667	50	16.6666666666667	16.6666666666667
4K23_1	1.05037530364746	16.6666666666667	50	16.6666666666667	16.6666666666667
2V17_1	1.56911944492763	16.6666666666667	50	16.6666666666667	16.6666666666667
4M62_1	0.396246376720971	33.3333333333333	33.3333333333333	16.6666666666667	16.6666666666667
1Y0L_1	1.27837073037633	33.3333333333333	50	16.6666666666667	0
5ANY_1	0.00190421066323934	50	50	0	0
5DK3_1	0.081214749353185	16.6666666666667	50	16.6666666666667	16.6666666666667
3HNS_1	0.1881338224279	33.3333333333333	50	16.6666666666667	0
1A3L_1	0.262747390047932	16.6666666666667	50	16.6666666666667	16.6666666666667
1NJ9_1	1.79198606732879	33.3333333333333	66.6666666666667	0	0
3WHE_1	0.346696105079499	33.3333333333333	33.3333333333333	16.6666666666667	16.6666666666667
1KFA_1	0.263028166252209	50	33.3333333333333	0	16.6666666666667
4HS6_1	1.15113307021908	16.6666666666667	50	16.6666666666667	16.6666666666667
1UYW_1	0.41023153463928	33.3333333333333	66.6666666666667	0	0
2OJZ_1	0.345513700183267	16.6666666666667	50	16.6666666666667	16.6666666666667
4RFE_1	1.20224709887438	16.6666666666667	50	16.6666666666667	16.6666666666667
1AY1_1	0.584172731743363	16.6666666666667	50	16.6666666666667	16.6666666666667
4QWW_1	0.110313607612566	33.3333333333333	33.3333333333333	16.6666666666667	16.6666666666667
4Y5Y_1	0.248705718399276	33.3333333333333	33.3333333333333	16.6666666666667	16.6666666666667
4LLY_1	0.128554841246839	16.6666666666667	50	16.6666666666667	16.6666666666667
4O58_1	1.20607907078848	33.3333333333333	33.3333333333333	16.6666666666667	16.6666666666667
4JLR_1	0.264025893920466	16.6666666666667	50	16.6666666666667	16.6666666666667
4XVS_1	1.57984696190502	33.3333333333333	33.3333333333333	16.6666666666667	16.6666666666667
3IXX_1	0.00426117280413206	33.3333333333333	33.3333333333333	16.6666666666667	16.6666666666667
4XNM_1	1.2355492114987	16.6666666666667	50	16.6666666666667	16.6666666666667
3FZU_1	0.593856559111712	33.3333333333333	33.3333333333333	16.6666666666667	16.6666666666667
1NAK_1	0.262544505213877	50	33.3333333333333	0	16.6666666666667
1MHH_1	1.67602707917562	50	16.6666666666667	16.6666666666667	16.6666666666667
4D9L_1	1.214783936349	33.3333333333333	33.3333333333333	16.6666666666667	16.6666666666667
3CXD_1	1.12227321405173	33.3333333333333	33.3333333333333	16.6666666666667	16.6666666666667
3HAE_1	0.0557790059789523	33.3333333333333	33.3333333333333	16.6666666666667	16.6666666666667
3MLX_1	0.697579071271495	16.6666666666667	50	16.6666666666667	16.6666666666667
3B2U_1	0.838061235444558	16.6666666666667	50	16.6666666666667	16.6666666666667
4M5Y_1	0.868605616769966	16.6666666666667	33.3333333333333	33.3333333333333	16.6666666666667
4XAK_1	0.400939444427709	33.3333333333333	33.3333333333333	16.6666666666667	16.6666666666667
1UB5_1	1.12162055449269	33.3333333333333	33.3333333333333	16.6666666666667	16.6666666666667
1KEN_1	0.264509554958792	33.3333333333333	50	0	16.6666666666667
3PP3_1	1.15722595366434	16.6666666666667	50	16.6666666666667	16.6666666666667
4R7D_1	1.37833833501303	16.6666666666667	66.6666666666667	16.6666666666667	0
4DGI_1	0.832288462054035	16.6666666666667	66.6666666666667	16.6666666666667	0
4S2S_1	0.269325659245458	16.6666666666667	50	16.6666666666667	16.6666666666667
2NR6_1	0.925109216039921	16.6666666666667	33.3333333333333	16.6666666666667	33.3333333333333
1MH5_1	0.165177315658052	16.6666666666667	50	16.6666666666667	16.6666666666667
