PDB	SD	Hydrophobic	Hydrophilic	Amphipathic	Glycines
1OM3_1	10.5948039020082	50	33.3333333333333	0	16.6666666666667
12E8_1	5.700474316835	50	33.3333333333333	0	16.6666666666667
1OAX_1	34.6803038980325	33.3333333333333	66.6666666666667	0	0
1OCW_1	6.15257711529746	33.3333333333333	66.6666666666667	0	0
4JAM_1	5.09396653340665	33.3333333333333	33.3333333333333	16.6666666666667	16.6666666666667
1CBV_1	6.31136289276037	50	33.3333333333333	0	16.6666666666667
2RCJ_1	59.2176569370778	33.3333333333333	33.3333333333333	16.6666666666667	16.6666666666667
3SKJ_1	5.39770527104176	33.3333333333333	33.3333333333333	16.6666666666667	16.6666666666667
3J42_1	8.36006397827387	33.3333333333333	66.6666666666667	0	0
